"Date","Time","Open","High","Low","Close","Volume"
08/25/2014,0930,101.81,101.87,101.69,101.78,1063311
08/25/2014,0931,101.76,101.88,101.76,101.83,363858
08/25/2014,0932,101.83,101.87,101.8,101.84,254004
08/25/2014,0933,101.83,101.96,101.82,101.95,270345
08/25/2014,0934,101.95,101.99,101.95,101.97,232036
08/25/2014,0935,101.97,101.99,101.9,101.92,250788
08/25/2014,0936,101.92,101.95,101.88,101.93,181494
08/25/2014,0937,101.94,101.95,101.92,101.93,174275
08/25/2014,0938,101.93,101.97,101.9,101.97,227778
08/25/2014,0939,101.96,101.98,101.95,101.97,177419
08/25/2014,0940,101.97,102.1,101.96,102.05,914189
08/25/2014,0941,102.06,102.17,102.04,102.17,296464
08/25/2014,0942,102.16,102.17,102,102.06,275416
08/25/2014,0943,102.05,102.08,101.87,101.87,309596
08/25/2014,0944,101.87,101.94,101.83,101.92,212213
08/25/2014,0945,101.91,102.04,101.91,102.04,183802
08/25/2014,0946,102.04,102.1,102.03,102.09,212604
08/25/2014,0947,102.09,102.1,102.07,102.09,125636
08/25/2014,0948,102.08,102.15,102.07,102.1,236773
08/25/2014,0949,102.13,102.15,102.09,102.11,158098
08/25/2014,0950,102.12,102.14,102.05,102.05,219099
08/25/2014,0951,102.05,102.07,101.97,102.04,221052
08/25/2014,0952,102.04,102.07,101.91,101.93,263102
08/25/2014,0953,101.93,101.93,101.85,101.88,315553
08/25/2014,0954,101.88,102,101.87,101.97,206979
08/25/2014,0955,101.99,101.99,101.88,101.91,131180
08/25/2014,0956,101.92,101.97,101.9,101.95,128090
08/25/2014,0957,101.95,101.96,101.88,101.89,128818
08/25/2014,0958,101.89,101.9,101.81,101.81,174280
08/25/2014,0959,101.82,101.84,101.79,101.81,300683
08/25/2014,1000,101.8,101.84,101.75,101.8,246246
08/25/2014,1001,101.8,101.88,101.75,101.8,290956
08/25/2014,1002,101.8,101.85,101.8,101.84,107477
08/25/2014,1003,101.84,101.85,101.82,101.84,155228
08/25/2014,1004,101.85,101.88,101.82,101.88,131330
08/25/2014,1005,101.88,101.93,101.88,101.91,167671
08/25/2014,1006,101.91,101.92,101.84,101.88,128041
08/25/2014,1007,101.88,101.88,101.8,101.81,159477
08/25/2014,1008,101.81,101.86,101.81,101.83,109503
08/25/2014,1009,101.83,101.85,101.77,101.82,161863
08/25/2014,1010,101.81,101.84,101.81,101.82,82833
08/25/2014,1011,101.82,101.84,101.8,101.82,142513
08/25/2014,1012,101.83,101.84,101.72,101.72,225781
08/25/2014,1013,101.73,101.73,101.64,101.7,299412
08/25/2014,1014,101.71,101.75,101.69,101.74,115056
08/25/2014,1015,101.74,101.75,101.6,101.66,242250
08/25/2014,1016,101.67,101.7,101.56,101.59,242378
08/25/2014,1017,101.59,101.6,101.54,101.57,182672
08/25/2014,1018,101.58,101.69,101.57,101.67,169149
08/25/2014,1019,101.67,101.68,101.63,101.67,80277
08/25/2014,1020,101.68,101.69,101.66,101.67,75202
08/25/2014,1021,101.67,101.67,101.63,101.63,113994
08/25/2014,1022,101.63,101.65,101.6,101.65,97441
08/25/2014,1023,101.64,101.75,101.64,101.75,185914
08/25/2014,1024,101.76,101.76,101.68,101.74,153497
08/25/2014,1025,101.73,101.75,101.63,101.63,173737
08/25/2014,1026,101.63,101.63,101.57,101.57,286640
08/25/2014,1027,101.58,101.62,101.55,101.61,111005
08/25/2014,1028,101.6,101.69,101.59,101.67,129310
08/25/2014,1029,101.67,101.74,101.66,101.74,98233
08/25/2014,1030,101.74,101.78,101.73,101.77,113313
08/25/2014,1031,101.77,101.78,101.72,101.75,92798
08/25/2014,1032,101.75,101.76,101.69,101.69,67042
08/25/2014,1033,101.7,101.75,101.69,101.73,42604
08/25/2014,1034,101.73,101.74,101.71,101.72,76709
08/25/2014,1035,101.72,101.85,101.72,101.84,154284
08/25/2014,1036,101.83,101.87,101.82,101.85,132330
08/25/2014,1037,101.86,101.87,101.83,101.86,68197
08/25/2014,1038,101.86,101.86,101.78,101.8,114679
08/25/2014,1039,101.8,101.81,101.78,101.8,100519
08/25/2014,1040,101.79,101.8,101.78,101.79,62125
08/25/2014,1041,101.79,101.8,101.78,101.8,63863
08/25/2014,1042,101.8,101.81,101.74,101.8,117000
08/25/2014,1043,101.8,101.84,101.79,101.84,87036
08/25/2014,1044,101.84,101.86,101.83,101.85,80561
08/25/2014,1045,101.86,101.93,101.86,101.9,172947
08/25/2014,1046,101.9,101.9,101.83,101.89,116247
08/25/2014,1047,101.89,101.91,101.87,101.91,68059
08/25/2014,1048,101.92,101.96,101.9,101.94,93642
08/25/2014,1049,101.94,101.97,101.92,101.97,44351
08/25/2014,1050,101.96,102.02,101.96,102,361792
08/25/2014,1051,102,102.01,101.97,102,127317
08/25/2014,1052,102,102.01,101.97,102,104112
08/25/2014,1053,102,102,101.95,101.97,96341
08/25/2014,1054,101.97,101.99,101.96,101.98,58503
08/25/2014,1055,101.98,102,101.96,101.99,112299
08/25/2014,1056,101.99,102,101.96,101.99,70586
08/25/2014,1057,101.98,102,101.96,101.98,93719
08/25/2014,1058,101.98,101.99,101.96,101.97,68434
08/25/2014,1059,101.97,101.99,101.93,101.96,125845
08/25/2014,1100,101.96,101.98,101.95,101.98,43432
08/25/2014,1101,101.97,101.99,101.94,101.98,58499
08/25/2014,1102,101.97,101.98,101.92,101.94,80883
08/25/2014,1103,101.94,101.94,101.9,101.92,59509
08/25/2014,1104,101.91,101.93,101.91,101.92,57641
08/25/2014,1105,101.92,101.93,101.91,101.92,55016
08/25/2014,1106,101.92,101.93,101.88,101.9,62815
08/25/2014,1107,101.91,101.92,101.87,101.91,53138
08/25/2014,1108,101.91,101.93,101.88,101.92,48090
08/25/2014,1109,101.92,101.92,101.84,101.84,110589
08/25/2014,1110,101.85,101.85,101.83,101.83,48090
08/25/2014,1111,101.83,101.85,101.82,101.83,64804
08/25/2014,1112,101.83,101.85,101.83,101.85,34417
08/25/2014,1113,101.85,101.85,101.82,101.82,44646
08/25/2014,1114,101.82,101.85,101.82,101.85,38563
08/25/2014,1115,101.84,101.86,101.84,101.86,35374
08/25/2014,1116,101.86,101.88,101.85,101.87,52921
08/25/2014,1117,101.88,101.93,101.87,101.92,51357
08/25/2014,1118,101.92,101.96,101.92,101.96,71147
08/25/2014,1119,101.95,101.97,101.94,101.95,77932
08/25/2014,1120,101.96,101.96,101.94,101.95,63112
08/25/2014,1121,101.95,101.97,101.95,101.96,66462
08/25/2014,1122,101.96,101.96,101.93,101.94,36577
08/25/2014,1123,101.94,101.94,101.91,101.92,45621
08/25/2014,1124,101.92,101.93,101.91,101.93,46941
08/25/2014,1125,101.93,101.96,101.92,101.96,49802
08/25/2014,1126,101.96,101.97,101.93,101.95,77274
08/25/2014,1127,101.95,101.98,101.94,101.98,69185
08/25/2014,1128,101.98,102,101.97,101.99,187797
08/25/2014,1129,101.99,102,101.95,101.98,92600
08/25/2014,1130,101.99,102,101.95,101.97,126203
08/25/2014,1131,101.97,101.98,101.91,101.93,83857
08/25/2014,1132,101.93,102,101.92,101.99,77278
08/25/2014,1133,101.99,102.02,101.98,102.01,308728
08/25/2014,1134,102.02,102.05,102,102.03,139255
08/25/2014,1135,102.03,102.04,102,102.01,116511
08/25/2014,1136,102.01,102.01,101.96,102,119281
08/25/2014,1137,102.01,102.02,101.99,102.01,55720
08/25/2014,1138,102,102.02,101.98,101.98,69538
08/25/2014,1139,101.99,102.06,101.98,102.06,120484
08/25/2014,1140,102.06,102.06,102.02,102.04,85404
08/25/2014,1141,102.04,102.04,101.99,101.99,52842
08/25/2014,1142,101.99,102,101.98,101.99,31330
08/25/2014,1143,102,102,101.97,101.97,58558
08/25/2014,1144,101.97,101.99,101.96,101.99,33891
08/25/2014,1145,101.99,102,101.95,101.98,59769
08/25/2014,1146,102,102,101.98,101.99,15127
08/25/2014,1147,101.98,102,101.98,102,75447
08/25/2014,1148,102,102,101.96,101.96,78140
08/25/2014,1149,101.95,101.98,101.94,101.97,48447
08/25/2014,1150,101.98,101.98,101.96,101.98,39609
08/25/2014,1151,101.98,101.99,101.97,101.98,34181
08/25/2014,1152,101.98,101.99,101.95,101.96,71952
08/25/2014,1153,101.96,101.98,101.95,101.98,48836
08/25/2014,1154,101.98,101.98,101.96,101.98,29194
08/25/2014,1155,101.98,101.98,101.94,101.94,85286
08/25/2014,1156,101.94,101.95,101.93,101.95,65855
08/25/2014,1157,101.95,101.95,101.94,101.94,14680
08/25/2014,1158,101.95,101.96,101.94,101.94,50958
08/25/2014,1159,101.95,101.95,101.93,101.94,36318
08/25/2014,1200,101.93,101.95,101.93,101.93,44655
08/25/2014,1201,101.94,101.95,101.93,101.95,12888
08/25/2014,1202,101.95,101.96,101.94,101.96,32089
08/25/2014,1203,101.96,101.97,101.94,101.97,35711
08/25/2014,1204,101.97,101.98,101.96,101.98,21621
08/25/2014,1205,101.98,101.98,101.96,101.97,62433
08/25/2014,1206,101.97,101.97,101.95,101.96,37222
08/25/2014,1207,101.96,101.96,101.93,101.94,40007
08/25/2014,1208,101.94,101.94,101.88,101.91,176794
08/25/2014,1209,101.91,101.93,101.89,101.9,58581
08/25/2014,1210,101.91,101.95,101.91,101.95,33694
08/25/2014,1211,101.95,101.96,101.93,101.96,51699
08/25/2014,1212,101.97,101.99,101.96,101.97,38660
08/25/2014,1213,101.96,101.97,101.9,101.9,57680
08/25/2014,1214,101.89,101.93,101.89,101.92,42349
08/25/2014,1215,101.92,101.94,101.84,101.88,77018
08/25/2014,1216,101.88,101.94,101.88,101.94,28137
08/25/2014,1217,101.94,101.94,101.9,101.91,21118
08/25/2014,1218,101.92,101.93,101.9,101.91,32288
08/25/2014,1219,101.9,101.94,101.87,101.92,41251
08/25/2014,1220,101.92,101.95,101.92,101.94,27387
08/25/2014,1221,101.94,101.95,101.92,101.93,27939
08/25/2014,1222,101.93,101.95,101.93,101.95,13670
08/25/2014,1223,101.94,101.97,101.93,101.97,37269
08/25/2014,1224,101.96,101.97,101.93,101.96,56162
08/25/2014,1225,101.95,101.96,101.87,101.88,115441
08/25/2014,1226,101.88,101.91,101.88,101.9,22204
08/25/2014,1227,101.91,101.94,101.9,101.92,42196
08/25/2014,1228,101.92,101.92,101.77,101.77,246459
08/25/2014,1229,101.76,101.78,101.7,101.75,168623
08/25/2014,1230,101.75,101.77,101.7,101.74,61021
08/25/2014,1231,101.73,101.74,101.7,101.72,63921
08/25/2014,1232,101.72,101.73,101.66,101.68,101641
08/25/2014,1233,101.69,101.79,101.69,101.78,86975
08/25/2014,1234,101.77,101.79,101.75,101.75,51962
08/25/2014,1235,101.75,101.76,101.71,101.72,49552
08/25/2014,1236,101.72,101.73,101.66,101.69,82937
08/25/2014,1237,101.7,101.71,101.69,101.7,20658
08/25/2014,1238,101.7,101.72,101.68,101.69,74301
08/25/2014,1239,101.68,101.69,101.65,101.67,63677
08/25/2014,1240,101.67,101.67,101.64,101.65,42882
08/25/2014,1241,101.65,101.67,101.64,101.65,43184
08/25/2014,1242,101.64,101.66,101.63,101.66,40490
08/25/2014,1243,101.67,101.72,101.65,101.72,76952
08/25/2014,1244,101.71,101.71,101.68,101.68,50228
08/25/2014,1245,101.69,101.69,101.64,101.65,41761
08/25/2014,1246,101.65,101.66,101.64,101.65,45973
08/25/2014,1247,101.65,101.65,101.61,101.61,62120
08/25/2014,1248,101.62,101.62,101.57,101.6,185727
08/25/2014,1249,101.59,101.67,101.59,101.67,72746
08/25/2014,1250,101.67,101.68,101.61,101.64,54118
08/25/2014,1251,101.63,101.65,101.61,101.62,56616
08/25/2014,1252,101.61,101.63,101.6,101.62,33212
08/25/2014,1253,101.62,101.62,101.53,101.56,138037
08/25/2014,1254,101.56,101.57,101.55,101.56,74055
08/25/2014,1255,101.56,101.56,101.5,101.51,144178
08/25/2014,1256,101.5,101.54,101.46,101.54,291828
08/25/2014,1257,101.53,101.58,101.52,101.58,101857
08/25/2014,1258,101.58,101.59,101.54,101.56,91591
08/25/2014,1259,101.56,101.59,101.56,101.57,67691
08/25/2014,1300,101.56,101.56,101.51,101.54,43996
08/25/2014,1301,101.54,101.55,101.48,101.5,83182
08/25/2014,1302,101.49,101.5,101.48,101.5,42604
08/25/2014,1303,101.49,101.5,101.48,101.49,33035
08/25/2014,1304,101.48,101.49,101.44,101.45,120309
08/25/2014,1305,101.45,101.46,101.41,101.45,90965
08/25/2014,1306,101.45,101.45,101.38,101.39,204218
08/25/2014,1307,101.38,101.44,101.38,101.43,92967
08/25/2014,1308,101.42,101.43,101.4,101.4,54071
08/25/2014,1309,101.41,101.43,101.28,101.37,230599
08/25/2014,1310,101.38,101.41,101.29,101.41,131311
08/25/2014,1311,101.4,101.46,101.39,101.44,62908
08/25/2014,1312,101.45,101.56,101.45,101.55,140164
08/25/2014,1313,101.55,101.59,101.51,101.58,82642
08/25/2014,1314,101.59,101.61,101.57,101.61,99407
08/25/2014,1315,101.61,101.66,101.58,101.62,111041
08/25/2014,1316,101.62,101.63,101.58,101.59,41408
08/25/2014,1317,101.6,101.6,101.57,101.58,59156
08/25/2014,1318,101.59,101.6,101.56,101.6,58464
08/25/2014,1319,101.6,101.6,101.59,101.6,17242
08/25/2014,1320,101.6,101.6,101.58,101.59,20143
08/25/2014,1321,101.58,101.59,101.55,101.57,59753
08/25/2014,1322,101.58,101.6,101.57,101.6,31055
08/25/2014,1323,101.59,101.6,101.56,101.59,25297
08/25/2014,1324,101.59,101.6,101.58,101.59,31007
08/25/2014,1325,101.59,101.64,101.57,101.64,73942
08/25/2014,1326,101.64,101.65,101.61,101.64,85353
08/25/2014,1327,101.64,101.66,101.64,101.65,92918
08/25/2014,1328,101.65,101.65,101.61,101.63,66029
08/25/2014,1329,101.64,101.68,101.63,101.68,58468
08/25/2014,1330,101.68,101.69,101.67,101.69,38428
08/25/2014,1331,101.68,101.69,101.62,101.65,78417
08/25/2014,1332,101.65,101.68,101.65,101.66,32718
08/25/2014,1333,101.66,101.68,101.66,101.68,20073
08/25/2014,1334,101.68,101.68,101.64,101.65,33875
08/25/2014,1335,101.65,101.69,101.64,101.67,57372
08/25/2014,1336,101.67,101.68,101.65,101.66,33395
08/25/2014,1337,101.65,101.68,101.65,101.68,28873
08/25/2014,1338,101.67,101.67,101.63,101.64,42278
08/25/2014,1339,101.64,101.66,101.63,101.65,22046
08/25/2014,1340,101.65,101.66,101.62,101.65,24361
08/25/2014,1341,101.66,101.66,101.65,101.66,30280
08/25/2014,1342,101.66,101.66,101.64,101.64,32501
08/25/2014,1343,101.64,101.65,101.63,101.64,24107
08/25/2014,1344,101.65,101.69,101.65,101.66,87650
08/25/2014,1345,101.66,101.68,101.65,101.67,37394
08/25/2014,1346,101.67,101.69,101.66,101.69,33252
08/25/2014,1347,101.69,101.69,101.66,101.67,23441
08/25/2014,1348,101.68,101.74,101.68,101.74,65007
08/25/2014,1349,101.73,101.74,101.69,101.72,46173
08/25/2014,1350,101.71,101.71,101.69,101.69,22228
08/25/2014,1351,101.7,101.7,101.66,101.66,39852
08/25/2014,1352,101.67,101.69,101.67,101.69,25076
08/25/2014,1353,101.68,101.69,101.65,101.66,57911
08/25/2014,1354,101.67,101.7,101.66,101.7,27427
08/25/2014,1355,101.7,101.73,101.69,101.72,63070
08/25/2014,1356,101.73,101.75,101.71,101.75,42921
08/25/2014,1357,101.74,101.75,101.71,101.71,45561
08/25/2014,1358,101.71,101.71,101.64,101.65,70411
08/25/2014,1359,101.65,101.67,101.63,101.63,44266
08/25/2014,1400,101.64,101.65,101.62,101.64,35402
08/25/2014,1401,101.63,101.64,101.61,101.62,28831
08/25/2014,1402,101.63,101.63,101.6,101.61,67449
08/25/2014,1403,101.62,101.62,101.56,101.56,59113
08/25/2014,1404,101.57,101.57,101.53,101.55,56160
08/25/2014,1405,101.54,101.55,101.51,101.51,44747
08/25/2014,1406,101.51,101.52,101.48,101.5,64117
08/25/2014,1407,101.49,101.55,101.49,101.55,68638
08/25/2014,1408,101.55,101.55,101.53,101.53,29316
08/25/2014,1409,101.52,101.6,101.52,101.6,58237
08/25/2014,1410,101.6,101.62,101.58,101.61,57426
08/25/2014,1411,101.61,101.61,101.58,101.6,59894
08/25/2014,1412,101.61,101.61,101.56,101.57,36613
08/25/2014,1413,101.56,101.59,101.53,101.59,60577
08/25/2014,1414,101.59,101.6,101.58,101.58,34771
08/25/2014,1415,101.58,101.6,101.57,101.6,24939
08/25/2014,1416,101.59,101.6,101.58,101.59,28717
08/25/2014,1417,101.58,101.6,101.57,101.58,41689
08/25/2014,1418,101.58,101.59,101.52,101.52,73713
08/25/2014,1419,101.53,101.55,101.49,101.54,47236
08/25/2014,1420,101.55,101.57,101.53,101.56,26825
08/25/2014,1421,101.57,101.57,101.55,101.56,21933
08/25/2014,1422,101.56,101.61,101.56,101.6,75853
08/25/2014,1423,101.59,101.6,101.56,101.58,30123
08/25/2014,1424,101.57,101.58,101.56,101.56,21426
08/25/2014,1425,101.56,101.57,101.52,101.53,51682
08/25/2014,1426,101.53,101.53,101.48,101.5,88919
08/25/2014,1427,101.5,101.52,101.49,101.51,24066
08/25/2014,1428,101.51,101.52,101.5,101.52,21599
08/25/2014,1429,101.52,101.57,101.5,101.56,68328
08/25/2014,1430,101.57,101.57,101.53,101.55,53958
08/25/2014,1431,101.54,101.55,101.52,101.52,26398
08/25/2014,1432,101.52,101.53,101.5,101.5,44287
08/25/2014,1433,101.51,101.51,101.5,101.5,11827
08/25/2014,1434,101.51,101.51,101.5,101.5,11750
08/25/2014,1435,101.51,101.59,101.5,101.59,46976
08/25/2014,1436,101.59,101.59,101.57,101.59,36987
08/25/2014,1437,101.59,101.6,101.58,101.6,36577
08/25/2014,1438,101.59,101.61,101.59,101.6,29517
08/25/2014,1439,101.6,101.6,101.57,101.58,35801
08/25/2014,1440,101.57,101.58,101.56,101.56,85474
08/25/2014,1441,101.56,101.57,101.54,101.55,29052
08/25/2014,1442,101.55,101.57,101.55,101.55,44889
08/25/2014,1443,101.56,101.56,101.53,101.53,26846
08/25/2014,1444,101.54,101.55,101.53,101.54,26094
08/25/2014,1445,101.53,101.54,101.51,101.51,34915
08/25/2014,1446,101.52,101.52,101.51,101.52,29596
08/25/2014,1447,101.52,101.53,101.51,101.53,33817
08/25/2014,1448,101.52,101.53,101.51,101.52,29077
08/25/2014,1449,101.52,101.53,101.51,101.52,32020
08/25/2014,1450,101.52,101.53,101.52,101.53,12344
08/25/2014,1451,101.53,101.54,101.52,101.54,49172
08/25/2014,1452,101.54,101.54,101.53,101.54,13122
08/25/2014,1453,101.54,101.54,101.53,101.53,15135
08/25/2014,1454,101.54,101.54,101.52,101.52,65660
08/25/2014,1455,101.52,101.59,101.52,101.58,93078
08/25/2014,1456,101.57,101.6,101.57,101.6,28825
08/25/2014,1457,101.6,101.61,101.59,101.61,46808
08/25/2014,1458,101.61,101.61,101.6,101.61,11090
08/25/2014,1459,101.6,101.62,101.6,101.61,30958
08/25/2014,1500,101.62,101.67,101.61,101.67,69743
08/25/2014,1501,101.67,101.68,101.65,101.65,33093
08/25/2014,1502,101.65,101.66,101.64,101.65,35557
08/25/2014,1503,101.66,101.67,101.65,101.66,61246
08/25/2014,1504,101.66,101.67,101.66,101.67,20399
08/25/2014,1505,101.67,101.67,101.66,101.66,31891
08/25/2014,1506,101.67,101.67,101.66,101.66,41597
08/25/2014,1507,101.67,101.67,101.64,101.64,57623
08/25/2014,1508,101.64,101.64,101.62,101.62,37006
08/25/2014,1509,101.62,101.63,101.61,101.62,38961
08/25/2014,1510,101.63,101.64,101.63,101.63,21986
08/25/2014,1511,101.64,101.65,101.63,101.65,48795
08/25/2014,1512,101.65,101.65,101.64,101.64,31732
08/25/2014,1513,101.65,101.65,101.62,101.65,73336
08/25/2014,1514,101.64,101.65,101.64,101.65,25214
08/25/2014,1515,101.65,101.65,101.64,101.64,55681
08/25/2014,1516,101.65,101.67,101.64,101.64,27752
08/25/2014,1517,101.65,101.65,101.63,101.65,48676
08/25/2014,1518,101.65,101.65,101.64,101.65,22214
08/25/2014,1519,101.65,101.65,101.64,101.65,32784
08/25/2014,1520,101.64,101.65,101.63,101.65,80933
08/25/2014,1521,101.64,101.65,101.63,101.63,51097
08/25/2014,1522,101.64,101.64,101.61,101.62,79852
08/25/2014,1523,101.62,101.62,101.61,101.61,11318
08/25/2014,1524,101.62,101.62,101.61,101.61,34547
08/25/2014,1525,101.61,101.63,101.61,101.63,40707
08/25/2014,1526,101.62,101.65,101.62,101.64,46617
08/25/2014,1527,101.65,101.67,101.64,101.67,90274
08/25/2014,1528,101.67,101.67,101.66,101.67,55348
08/25/2014,1529,101.67,101.68,101.66,101.68,68341
08/25/2014,1530,101.68,101.69,101.67,101.69,28707
08/25/2014,1531,101.68,101.74,101.68,101.72,122420
08/25/2014,1532,101.72,101.72,101.7,101.71,57904
08/25/2014,1533,101.71,101.72,101.69,101.69,41248
08/25/2014,1534,101.7,101.7,101.68,101.7,70345
08/25/2014,1535,101.7,101.71,101.69,101.71,45773
08/25/2014,1536,101.71,101.73,101.7,101.72,52236
08/25/2014,1537,101.72,101.73,101.71,101.73,41451
08/25/2014,1538,101.73,101.73,101.72,101.73,30412
08/25/2014,1539,101.72,101.75,101.71,101.75,111790
08/25/2014,1540,101.74,101.75,101.74,101.74,46861
08/25/2014,1541,101.75,101.75,101.72,101.73,84424
08/25/2014,1542,101.73,101.73,101.71,101.71,74078
08/25/2014,1543,101.72,101.73,101.71,101.71,42098
08/25/2014,1544,101.72,101.72,101.7,101.71,53910
08/25/2014,1545,101.71,101.72,101.7,101.72,71727
08/25/2014,1546,101.73,101.74,101.71,101.72,56279
08/25/2014,1547,101.71,101.72,101.69,101.7,57465
08/25/2014,1548,101.69,101.72,101.69,101.72,68521
08/25/2014,1549,101.72,101.72,101.7,101.72,53742
08/25/2014,1550,101.71,101.72,101.6,101.62,287190
08/25/2014,1551,101.63,101.65,101.62,101.64,140918
08/25/2014,1552,101.64,101.65,101.59,101.61,118480
08/25/2014,1553,101.62,101.64,101.58,101.6,137197
08/25/2014,1554,101.6,101.64,101.59,101.63,103113
08/25/2014,1555,101.63,101.64,101.58,101.59,175044
08/25/2014,1556,101.58,101.6,101.56,101.59,156340
08/25/2014,1557,101.59,101.63,101.58,101.63,135642
08/25/2014,1558,101.63,101.66,101.57,101.57,304800
08/25/2014,1559,101.57,101.62,101.53,101.54,521709
08/26/2014,0930,101.42,101.5,101.4,101.43,535716
08/26/2014,0931,101.43,101.5,101.42,101.49,169692
08/26/2014,0932,101.5,101.5,101.35,101.39,227343
08/26/2014,0933,101.38,101.4,101.34,101.35,202438
08/26/2014,0934,101.35,101.38,101.31,101.33,173374
08/26/2014,0935,101.33,101.44,101.32,101.42,283296
08/26/2014,0936,101.42,101.45,101.4,101.44,195523
08/26/2014,0937,101.44,101.47,101.42,101.45,135556
08/26/2014,0938,101.45,101.46,101.37,101.37,150787
08/26/2014,0939,101.37,101.38,101.24,101.24,276034
08/26/2014,0940,101.24,101.3,101.19,101.24,387701
08/26/2014,0941,101.23,101.24,100.86,100.91,884952
08/26/2014,0942,100.91,101.12,100.91,101.08,477528
08/26/2014,0943,101.07,101.09,100.95,100.95,166495
08/26/2014,0944,100.97,100.98,100.9,100.94,231402
08/26/2014,0945,100.93,101.04,100.93,100.99,257271
08/26/2014,0946,100.98,101.04,100.92,101.03,161845
08/26/2014,0947,101.04,101.14,101.03,101.13,186850
08/26/2014,0948,101.13,101.23,101.12,101.22,180872
08/26/2014,0949,101.23,101.3,101.21,101.3,156592
08/26/2014,0950,101.3,101.3,101.12,101.14,245966
08/26/2014,0951,101.15,101.23,101.13,101.22,110558
08/26/2014,0952,101.22,101.25,101.15,101.24,121285
08/26/2014,0953,101.24,101.3,101.23,101.29,127036
08/26/2014,0954,101.29,101.35,101.28,101.33,148074
08/26/2014,0955,101.34,101.35,101.27,101.32,109715
08/26/2014,0956,101.31,101.32,101.26,101.3,85482
08/26/2014,0957,101.31,101.31,101.25,101.26,64140
08/26/2014,0958,101.25,101.26,101.2,101.25,88086
08/26/2014,0959,101.25,101.28,101.2,101.22,113451
08/26/2014,1000,101.22,101.26,101.14,101.16,149605
08/26/2014,1001,101.16,101.24,101.15,101.18,119708
08/26/2014,1002,101.17,101.17,101.04,101.07,169781
08/26/2014,1003,101.06,101.19,101.06,101.16,125788
08/26/2014,1004,101.17,101.17,101,101,211193
08/26/2014,1005,101.01,101.02,100.98,101.01,198013
08/26/2014,1006,101.01,101.04,100.98,100.99,143457
08/26/2014,1007,100.99,101.01,100.95,100.97,123319
08/26/2014,1008,100.96,100.97,100.9,100.9,263290
08/26/2014,1009,100.91,100.93,100.88,100.91,188631
08/26/2014,1010,100.92,100.98,100.92,100.98,194049
08/26/2014,1011,100.98,101.05,100.97,101.04,174662
08/26/2014,1012,101.04,101.07,100.99,100.99,127786
08/26/2014,1013,101,101.06,100.99,101.03,109045
08/26/2014,1014,101.04,101.06,101,101.01,118174
08/26/2014,1015,101.01,101.03,100.99,100.99,105638
08/26/2014,1016,100.99,101.07,100.96,101.07,123044
08/26/2014,1017,101.07,101.08,101.03,101.05,87286
08/26/2014,1018,101.06,101.06,100.95,100.96,103085
08/26/2014,1019,100.96,100.97,100.93,100.93,121914
08/26/2014,1020,100.93,100.94,100.91,100.93,96188
08/26/2014,1021,100.92,100.93,100.9,100.92,115085
08/26/2014,1022,100.91,100.93,100.9,100.92,107312
08/26/2014,1023,100.93,100.93,100.87,100.9,136230
08/26/2014,1024,100.92,100.93,100.9,100.91,97632
08/26/2014,1025,100.91,100.93,100.88,100.89,135429
08/26/2014,1026,100.89,100.98,100.88,100.96,180495
08/26/2014,1027,100.97,101,100.94,100.99,102782
08/26/2014,1028,100.99,101.05,100.98,101.05,132716
08/26/2014,1029,101.05,101.1,101.03,101.09,159362
08/26/2014,1030,101.09,101.15,101.08,101.14,153160
08/26/2014,1031,101.14,101.16,101.13,101.14,112157
08/26/2014,1032,101.14,101.15,101.11,101.13,91497
08/26/2014,1033,101.12,101.15,101.12,101.12,76050
08/26/2014,1034,101.13,101.16,101.11,101.13,100998
08/26/2014,1035,101.14,101.19,101.12,101.19,115412
08/26/2014,1036,101.19,101.2,101.16,101.17,79853
08/26/2014,1037,101.17,101.17,101.1,101.12,65339
08/26/2014,1038,101.12,101.16,101.11,101.15,44816
08/26/2014,1039,101.15,101.23,101.15,101.21,132020
08/26/2014,1040,101.2,101.22,101.17,101.2,47165
08/26/2014,1041,101.19,101.21,101.19,101.21,32909
08/26/2014,1042,101.2,101.22,101.2,101.21,63417
08/26/2014,1043,101.21,101.22,101.17,101.19,85773
08/26/2014,1044,101.19,101.19,101.11,101.13,90021
08/26/2014,1045,101.13,101.13,101.03,101.09,161772
08/26/2014,1046,101.1,101.16,101.1,101.15,68540
08/26/2014,1047,101.15,101.2,101.14,101.19,57374
08/26/2014,1048,101.2,101.24,101.19,101.23,108670
08/26/2014,1049,101.23,101.25,101.22,101.22,51725
08/26/2014,1050,101.22,101.23,101.15,101.19,76178
08/26/2014,1051,101.18,101.18,101.13,101.15,66354
08/26/2014,1052,101.16,101.17,101.1,101.12,89631
08/26/2014,1053,101.13,101.15,101.11,101.14,52273
08/26/2014,1054,101.15,101.16,101.14,101.15,87497
08/26/2014,1055,101.14,101.15,101.1,101.13,173695
08/26/2014,1056,101.13,101.13,101.08,101.1,65554
08/26/2014,1057,101.09,101.1,101.02,101.02,90917
08/26/2014,1058,101.03,101.07,101.02,101.07,88280
08/26/2014,1059,101.07,101.07,101.01,101.03,91408
08/26/2014,1100,101.03,101.05,101.02,101.03,79190
08/26/2014,1101,101.03,101.05,101.02,101.05,66357
08/26/2014,1102,101.05,101.1,100.99,101.09,308998
08/26/2014,1103,101.08,101.13,101.07,101.1,138643
08/26/2014,1104,101.09,101.14,101.08,101.13,62247
08/26/2014,1105,101.13,101.14,101.1,101.12,69518
08/26/2014,1106,101.12,101.13,101.06,101.08,100818
08/26/2014,1107,101.07,101.1,101.07,101.09,55513
08/26/2014,1108,101.08,101.12,101.08,101.11,60851
08/26/2014,1109,101.12,101.12,101.08,101.1,46392
08/26/2014,1110,101.1,101.11,101.08,101.1,90497
08/26/2014,1111,101.1,101.12,101.09,101.11,51015
08/26/2014,1112,101.11,101.13,101.09,101.11,84751
08/26/2014,1113,101.11,101.11,101.07,101.09,70833
08/26/2014,1114,101.09,101.12,101.09,101.1,70826
08/26/2014,1115,101.1,101.1,101.07,101.08,43513
08/26/2014,1116,101.08,101.11,101.07,101.1,47054
08/26/2014,1117,101.1,101.13,101.1,101.1,85855
08/26/2014,1118,101.1,101.14,101.1,101.11,62576
08/26/2014,1119,101.12,101.12,101.06,101.1,72508
08/26/2014,1120,101.09,101.1,101.08,101.1,19642
08/26/2014,1121,101.09,101.11,101.08,101.11,40633
08/26/2014,1122,101.11,101.12,101.09,101.11,44602
08/26/2014,1123,101.11,101.12,101.09,101.09,55699
08/26/2014,1124,101.1,101.11,101.07,101.07,37634
08/26/2014,1125,101.07,101.12,101.06,101.11,74881
08/26/2014,1126,101.11,101.11,101.08,101.1,57049
08/26/2014,1127,101.1,101.15,101.09,101.14,119758
08/26/2014,1128,101.14,101.15,101.14,101.15,45434
08/26/2014,1129,101.15,101.17,101.13,101.16,50807
08/26/2014,1130,101.16,101.19,101.15,101.17,52639
08/26/2014,1131,101.17,101.19,101.15,101.16,47662
08/26/2014,1132,101.16,101.17,101.14,101.16,48645
08/26/2014,1133,101.17,101.17,101.15,101.15,37655
08/26/2014,1134,101.15,101.16,101.11,101.14,51299
08/26/2014,1135,101.14,101.15,101.13,101.14,51259
08/26/2014,1136,101.14,101.15,101.08,101.09,75160
08/26/2014,1137,101.08,101.11,101.07,101.09,46186
08/26/2014,1138,101.09,101.12,101.08,101.11,37727
08/26/2014,1139,101.11,101.12,101.1,101.11,31415
08/26/2014,1140,101.11,101.11,101.06,101.07,108141
08/26/2014,1141,101.06,101.07,101.04,101.04,107705
08/26/2014,1142,101.05,101.06,101.04,101.06,51932
08/26/2014,1143,101.07,101.07,101.05,101.06,42716
08/26/2014,1144,101.06,101.08,101.05,101.06,54217
08/26/2014,1145,101.06,101.08,101.06,101.07,36428
08/26/2014,1146,101.08,101.11,101.08,101.09,34992
08/26/2014,1147,101.09,101.14,101.09,101.14,47999
08/26/2014,1148,101.14,101.17,101.13,101.15,84555
08/26/2014,1149,101.15,101.16,101.13,101.14,30377
08/26/2014,1150,101.14,101.16,101.12,101.14,33860
08/26/2014,1151,101.14,101.16,101.11,101.13,31493
08/26/2014,1152,101.14,101.15,101.12,101.14,25490
08/26/2014,1153,101.14,101.16,101.13,101.15,30266
08/26/2014,1154,101.15,101.15,101.13,101.14,37699
08/26/2014,1155,101.14,101.14,101.1,101.11,40017
08/26/2014,1156,101.11,101.12,101.1,101.12,17583
08/26/2014,1157,101.12,101.16,101.09,101.13,142186
08/26/2014,1158,101.13,101.17,101.13,101.16,31068
08/26/2014,1159,101.16,101.18,101.13,101.16,106216
08/26/2014,1200,101.16,101.16,101.13,101.16,29868
08/26/2014,1201,101.16,101.18,101.13,101.16,82039
08/26/2014,1202,101.15,101.17,101.15,101.15,35398
08/26/2014,1203,101.16,101.16,101.12,101.13,46554
08/26/2014,1204,101.12,101.15,101.07,101.15,103302
08/26/2014,1205,101.15,101.16,101.14,101.16,44890
08/26/2014,1206,101.15,101.16,101.15,101.15,36736
08/26/2014,1207,101.15,101.16,101.13,101.15,55169
08/26/2014,1208,101.14,101.17,101.14,101.16,53930
08/26/2014,1209,101.16,101.2,101.15,101.2,53711
08/26/2014,1210,101.2,101.23,101.17,101.18,66030
08/26/2014,1211,101.19,101.2,101.16,101.16,43183
08/26/2014,1212,101.16,101.17,101.15,101.17,38256
08/26/2014,1213,101.16,101.17,101.13,101.14,36147
08/26/2014,1214,101.15,101.15,101.14,101.14,26212
08/26/2014,1215,101.15,101.16,101.13,101.15,29840
08/26/2014,1216,101.15,101.16,101.13,101.13,52165
08/26/2014,1217,101.13,101.15,101.12,101.14,34934
08/26/2014,1218,101.14,101.16,101.13,101.16,21080
08/26/2014,1219,101.15,101.16,101.14,101.15,31068
08/26/2014,1220,101.16,101.16,101.14,101.16,17742
08/26/2014,1221,101.15,101.2,101.15,101.18,35416
08/26/2014,1222,101.18,101.19,101.15,101.16,31722
08/26/2014,1223,101.17,101.2,101.16,101.2,23415
08/26/2014,1224,101.2,101.4,101.19,101.27,113935
08/26/2014,1225,101.27,101.3,101.25,101.28,77182
08/26/2014,1226,101.28,101.29,101.25,101.27,41974
08/26/2014,1227,101.26,101.29,101.25,101.29,46250
08/26/2014,1228,101.28,101.29,101.17,101.17,66764
08/26/2014,1229,101.17,101.19,101.15,101.17,61109
08/26/2014,1230,101.17,101.19,101.16,101.17,45908
08/26/2014,1231,101.17,101.19,101.14,101.14,38947
08/26/2014,1232,101.14,101.17,101.14,101.16,22042
08/26/2014,1233,101.16,101.18,101.15,101.16,27505
08/26/2014,1234,101.17,101.2,101.16,101.18,19816
08/26/2014,1235,101.19,101.25,101.19,101.25,43238
08/26/2014,1236,101.24,101.26,101.21,101.22,46526
08/26/2014,1237,101.22,101.25,101.21,101.25,52879
08/26/2014,1238,101.25,101.25,101.23,101.25,31796
08/26/2014,1239,101.24,101.27,101.24,101.26,27660
08/26/2014,1240,101.26,101.26,101.22,101.22,73252
08/26/2014,1241,101.23,101.24,101.15,101.16,119314
08/26/2014,1242,101.16,101.19,101.15,101.19,30096
08/26/2014,1243,101.2,101.26,101.19,101.21,52003
08/26/2014,1244,101.21,101.22,101.19,101.19,28006
08/26/2014,1245,101.19,101.21,101.19,101.2,33348
08/26/2014,1246,101.21,101.21,101.16,101.17,61660
08/26/2014,1247,101.17,101.2,101.16,101.2,17741
08/26/2014,1248,101.19,101.21,101.18,101.19,29948
08/26/2014,1249,101.19,101.2,101.17,101.18,26270
08/26/2014,1250,101.18,101.19,101.17,101.18,17734
08/26/2014,1251,101.18,101.18,101.13,101.13,61637
08/26/2014,1252,101.14,101.15,101.13,101.14,25600
08/26/2014,1253,101.14,101.15,101.1,101.11,40207
08/26/2014,1254,101.12,101.18,101.11,101.18,36800
08/26/2014,1255,101.19,101.19,101.16,101.18,22666
08/26/2014,1256,101.17,101.18,101.15,101.16,28654
08/26/2014,1257,101.16,101.16,101.14,101.14,17516
08/26/2014,1258,101.13,101.14,101.07,101.09,153762
08/26/2014,1259,101.1,101.13,101.08,101.11,56749
08/26/2014,1300,101.12,101.12,101.1,101.11,17220
08/26/2014,1301,101.11,101.12,101.09,101.09,24740
08/26/2014,1302,101.09,101.11,101.08,101.09,32053
08/26/2014,1303,101.09,101.12,101.09,101.1,40648
08/26/2014,1304,101.11,101.12,101.1,101.1,24538
08/26/2014,1305,101.11,101.14,101.09,101.12,54866
08/26/2014,1306,101.11,101.12,101.08,101.11,39215
08/26/2014,1307,101.11,101.12,101.08,101.09,23899
08/26/2014,1308,101.09,101.09,101.04,101.06,87413
08/26/2014,1309,101.07,101.1,101.04,101.1,86320
08/26/2014,1310,101.1,101.1,101.06,101.08,22925
08/26/2014,1311,101.08,101.11,101.08,101.11,31590
08/26/2014,1312,101.11,101.16,101.1,101.15,54198
08/26/2014,1313,101.15,101.16,101.12,101.15,37816
08/26/2014,1314,101.15,101.16,101.14,101.14,30814
08/26/2014,1315,101.15,101.16,101.14,101.15,15188
08/26/2014,1316,101.16,101.16,101.14,101.15,20028
08/26/2014,1317,101.15,101.16,101.14,101.15,25619
08/26/2014,1318,101.15,101.18,101.14,101.18,27900
08/26/2014,1319,101.18,101.19,101.15,101.15,32339
08/26/2014,1320,101.15,101.18,101.15,101.17,28345
08/26/2014,1321,101.18,101.2,101.17,101.19,22552
08/26/2014,1322,101.19,101.2,101.18,101.19,29471
08/26/2014,1323,101.19,101.19,101.15,101.18,29865
08/26/2014,1324,101.19,101.2,101.15,101.2,60098
08/26/2014,1325,101.19,101.2,101.19,101.2,13623
08/26/2014,1326,101.19,101.21,101.18,101.18,42268
08/26/2014,1327,101.19,101.19,101.16,101.17,22041
08/26/2014,1328,101.17,101.18,101.16,101.18,11767
08/26/2014,1329,101.17,101.18,101.16,101.17,19677
08/26/2014,1330,101.17,101.2,101.16,101.17,21860
08/26/2014,1331,101.18,101.2,101.16,101.17,30421
08/26/2014,1332,101.18,101.19,101.18,101.18,19217
08/26/2014,1333,101.18,101.2,101.18,101.19,23058
08/26/2014,1334,101.19,101.19,101.17,101.19,25633
08/26/2014,1335,101.19,101.2,101.18,101.19,24958
08/26/2014,1336,101.2,101.2,101.19,101.19,18925
08/26/2014,1337,101.18,101.2,101.18,101.19,11720
08/26/2014,1338,101.2,101.2,101.17,101.17,56405
08/26/2014,1339,101.18,101.18,101.15,101.16,27894
08/26/2014,1340,101.16,101.16,101.11,101.11,66057
08/26/2014,1341,101.12,101.14,101.11,101.14,21625
08/26/2014,1342,101.13,101.14,101.11,101.12,25489
08/26/2014,1343,101.12,101.15,101.11,101.14,23403
08/26/2014,1344,101.14,101.17,101.14,101.15,29586
08/26/2014,1345,101.15,101.18,101.15,101.17,26689
08/26/2014,1346,101.17,101.17,101.15,101.16,24750
08/26/2014,1347,101.16,101.18,101.14,101.17,31778
08/26/2014,1348,101.17,101.18,101.16,101.17,16277
08/26/2014,1349,101.17,101.18,101.15,101.17,14919
08/26/2014,1350,101.17,101.18,101.16,101.17,19753
08/26/2014,1351,101.18,101.18,101.14,101.15,30170
08/26/2014,1352,101.14,101.15,101.13,101.14,20486
08/26/2014,1353,101.14,101.15,101.12,101.13,54335
08/26/2014,1354,101.12,101.16,101.12,101.15,22510
08/26/2014,1355,101.16,101.18,101.16,101.17,24771
08/26/2014,1356,101.17,101.19,101.17,101.18,15712
08/26/2014,1357,101.19,101.2,101.15,101.16,43332
08/26/2014,1358,101.16,101.19,101.16,101.19,16659
08/26/2014,1359,101.18,101.2,101.18,101.18,25260
08/26/2014,1400,101.19,101.22,101.19,101.21,57581
08/26/2014,1401,101.21,101.22,101.19,101.2,36955
08/26/2014,1402,101.2,101.21,101.19,101.19,24298
08/26/2014,1403,101.2,101.21,101.19,101.19,15961
08/26/2014,1404,101.19,101.22,101.19,101.21,38706
08/26/2014,1405,101.21,101.23,101.2,101.23,49575
08/26/2014,1406,101.23,101.23,101.22,101.22,32275
08/26/2014,1407,101.21,101.22,101.19,101.2,31171
08/26/2014,1408,101.2,101.2,101.19,101.2,18017
08/26/2014,1409,101.19,101.2,101.16,101.17,32405
08/26/2014,1410,101.17,101.17,101.15,101.15,33543
08/26/2014,1411,101.15,101.17,101.15,101.17,29702
08/26/2014,1412,101.17,101.18,101.15,101.17,18685
08/26/2014,1413,101.17,101.17,101.15,101.16,15119
08/26/2014,1414,101.16,101.18,101.16,101.18,23356
08/26/2014,1415,101.18,101.23,101.18,101.23,44860
08/26/2014,1416,101.22,101.25,101.21,101.24,36704
08/26/2014,1417,101.24,101.24,101.2,101.2,48343
08/26/2014,1418,101.2,101.21,101.19,101.21,50388
08/26/2014,1419,101.21,101.24,101.2,101.24,46666
08/26/2014,1420,101.24,101.26,101.23,101.26,95199
08/26/2014,1421,101.26,101.27,101.23,101.25,43815
08/26/2014,1422,101.24,101.27,101.23,101.26,39082
08/26/2014,1423,101.26,101.27,101.24,101.25,34106
08/26/2014,1424,101.24,101.24,101.22,101.22,48085
08/26/2014,1425,101.22,101.24,101.22,101.23,13805
08/26/2014,1426,101.24,101.25,101.23,101.25,21973
08/26/2014,1427,101.25,101.25,101.22,101.22,22153
08/26/2014,1428,101.22,101.23,101.22,101.22,14176
08/26/2014,1429,101.23,101.23,101.22,101.23,44928
08/26/2014,1430,101.22,101.23,101.17,101.19,58818
08/26/2014,1431,101.17,101.18,101.16,101.16,69065
08/26/2014,1432,101.17,101.17,101.11,101.11,72358
08/26/2014,1433,101.11,101.14,101.1,101.14,66871
08/26/2014,1434,101.13,101.14,101.1,101.11,38021
08/26/2014,1435,101.11,101.11,101.08,101.08,55765
08/26/2014,1436,101.09,101.1,101.08,101.08,94014
08/26/2014,1437,101.08,101.13,101.08,101.12,55551
08/26/2014,1438,101.12,101.12,101.1,101.11,26608
08/26/2014,1439,101.1,101.12,101.1,101.11,33806
08/26/2014,1440,101.12,101.14,101.11,101.13,70196
08/26/2014,1441,101.13,101.17,101.13,101.16,50817
08/26/2014,1442,101.16,101.17,101.15,101.16,57258
08/26/2014,1443,101.16,101.17,101.16,101.17,22110
08/26/2014,1444,101.16,101.17,101.15,101.15,32380
08/26/2014,1445,101.16,101.17,101.15,101.17,49611
08/26/2014,1446,101.16,101.17,101.15,101.16,11713
08/26/2014,1447,101.17,101.17,101.15,101.16,37371
08/26/2014,1448,101.16,101.16,101.14,101.15,43288
08/26/2014,1449,101.16,101.17,101.15,101.17,29389
08/26/2014,1450,101.17,101.28,101.16,101.18,251228
08/26/2014,1451,101.17,101.18,101.16,101.18,27560
08/26/2014,1452,101.18,101.18,101.15,101.16,49739
08/26/2014,1453,101.16,101.16,101.12,101.12,70018
08/26/2014,1454,101.13,101.13,101.12,101.13,26881
08/26/2014,1455,101.13,101.16,101.12,101.15,46100
08/26/2014,1456,101.15,101.16,101.14,101.16,25087
08/26/2014,1457,101.16,101.16,101.13,101.13,36758
08/26/2014,1458,101.14,101.14,101.13,101.14,19680
08/26/2014,1459,101.14,101.15,101.12,101.12,27105
08/26/2014,1500,101.12,101.14,101.12,101.13,17975
08/26/2014,1501,101.14,101.15,101.12,101.14,39765
08/26/2014,1502,101.15,101.16,101.14,101.15,19861
08/26/2014,1503,101.16,101.18,101.15,101.17,45210
08/26/2014,1504,101.17,101.19,101.17,101.19,36988
08/26/2014,1505,101.18,101.18,101.17,101.18,22758
08/26/2014,1506,101.18,101.18,101.17,101.17,17728
08/26/2014,1507,101.18,101.18,101.14,101.16,38974
08/26/2014,1508,101.15,101.17,101.13,101.13,61732
08/26/2014,1509,101.13,101.14,101.1,101.11,81148
08/26/2014,1510,101.11,101.12,101.1,101.11,17369
08/26/2014,1511,101.12,101.17,101.1,101.16,59000
08/26/2014,1512,101.16,101.16,101.14,101.14,25917
08/26/2014,1513,101.14,101.16,101.13,101.16,26893
08/26/2014,1514,101.16,101.17,101.15,101.17,18929
08/26/2014,1515,101.17,101.18,101.15,101.16,52285
08/26/2014,1516,101.17,101.2,101.16,101.17,56891
08/26/2014,1517,101.17,101.2,101.17,101.19,49398
08/26/2014,1518,101.18,101.2,101.17,101.18,35339
08/26/2014,1519,101.19,101.19,101.16,101.17,45561
08/26/2014,1520,101.18,101.18,101.16,101.16,25844
08/26/2014,1521,101.16,101.18,101.15,101.17,30104
08/26/2014,1522,101.16,101.18,101.15,101.16,34379
08/26/2014,1523,101.16,101.16,101.13,101.15,42425
08/26/2014,1524,101.15,101.16,101.13,101.14,38745
08/26/2014,1525,101.14,101.15,101.13,101.13,23872
08/26/2014,1526,101.13,101.14,101.12,101.14,47732
08/26/2014,1527,101.14,101.14,101.07,101.09,92591
08/26/2014,1528,101.09,101.13,101.07,101.11,75621
08/26/2014,1529,101.11,101.12,101.08,101.09,97940
08/26/2014,1530,101.09,101.12,101.08,101.11,54810
08/26/2014,1531,101.11,101.13,101.11,101.11,45818
08/26/2014,1532,101.11,101.12,101.1,101.1,39203
08/26/2014,1533,101.1,101.11,101.07,101.1,62297
08/26/2014,1534,101.1,101.14,101.09,101.13,55198
08/26/2014,1535,101.12,101.13,101.11,101.13,42716
08/26/2014,1536,101.12,101.13,101.11,101.12,25300
08/26/2014,1537,101.12,101.12,101.1,101.12,37965
08/26/2014,1538,101.11,101.15,101.11,101.14,39633
08/26/2014,1539,101.15,101.15,101.13,101.14,41178
08/26/2014,1540,101.14,101.17,101.12,101.16,119631
08/26/2014,1541,101.17,101.17,101.14,101.15,55557
08/26/2014,1542,101.15,101.18,101.14,101.17,83652
08/26/2014,1543,101.17,101.18,101.16,101.16,56294
08/26/2014,1544,101.16,101.16,101.13,101.14,52976
08/26/2014,1545,101.13,101.14,101.11,101.12,76301
08/26/2014,1546,101.13,101.13,101.11,101.12,45860
08/26/2014,1547,101.13,101.13,101.11,101.11,85768
08/26/2014,1548,101.11,101.12,101.08,101.08,63720
08/26/2014,1549,101.09,101.09,101.08,101.08,42999
08/26/2014,1550,101.08,101.11,101.04,101.07,302565
08/26/2014,1551,101.07,101.09,101.04,101.05,127472
08/26/2014,1552,101.05,101.07,101.02,101.02,119289
08/26/2014,1553,101.03,101.04,101,101.01,262162
08/26/2014,1554,101.01,101.02,101,101.01,143490
08/26/2014,1555,101.01,101.02,100.95,100.96,256416
08/26/2014,1556,100.96,100.98,100.94,100.97,181544
08/26/2014,1557,100.97,100.97,100.91,100.92,184066
08/26/2014,1558,100.92,100.93,100.9,100.9,238088
08/26/2014,1559,100.91,100.94,100.88,100.89,561304
08/27/2014,0930,101.02,101.05,100.94,100.94,592915
08/27/2014,0931,100.95,101.11,100.94,101.1,244982
08/27/2014,0932,101.1,101.18,101.05,101.05,211221
08/27/2014,0933,101.05,101.1,101.04,101.04,127045
08/27/2014,0934,101.04,101.14,101,101,219212
08/27/2014,0935,101,101.01,100.88,100.96,243847
08/27/2014,0936,100.97,100.98,100.91,100.93,118202
08/27/2014,0937,100.92,100.95,100.85,100.85,188488
08/27/2014,0938,100.86,100.93,100.85,100.89,116678
08/27/2014,0939,100.9,100.97,100.9,100.91,138315
08/27/2014,0940,100.91,100.94,100.9,100.93,94428
08/27/2014,0941,100.92,100.93,100.81,100.84,146712
08/27/2014,0942,100.84,100.93,100.82,100.86,144574
08/27/2014,0943,100.86,100.9,100.81,100.85,138404
08/27/2014,0944,100.85,100.92,100.83,100.89,121630
08/27/2014,0945,100.9,100.91,100.82,100.83,138122
08/27/2014,0946,100.83,100.84,100.76,100.78,202204
08/27/2014,0947,100.78,100.81,100.7,100.76,255164
08/27/2014,0948,100.75,100.8,100.72,100.8,133958
08/27/2014,0949,100.81,100.82,100.75,100.77,123671
08/27/2014,0950,100.78,100.8,100.73,100.75,115957
08/27/2014,0951,100.74,100.84,100.74,100.78,118861
08/27/2014,0952,100.78,100.81,100.77,100.78,68638
08/27/2014,0953,100.79,100.84,100.78,100.84,125028
08/27/2014,0954,100.84,100.87,100.8,100.84,180822
08/27/2014,0955,100.85,100.86,100.82,100.85,72725
08/27/2014,0956,100.86,100.86,100.81,100.84,105463
08/27/2014,0957,100.84,100.88,100.81,100.87,81847
08/27/2014,0958,100.87,100.87,100.82,100.84,42465
08/27/2014,0959,100.84,100.87,100.83,100.85,54164
08/27/2014,1000,100.85,100.86,100.82,100.82,85516
08/27/2014,1001,100.82,100.84,100.81,100.84,57710
08/27/2014,1002,100.84,100.84,100.8,100.81,69275
08/27/2014,1003,100.8,100.81,100.76,100.8,73179
08/27/2014,1004,100.8,100.84,100.8,100.82,63054
08/27/2014,1005,100.82,100.84,100.82,100.83,37404
08/27/2014,1006,100.83,100.89,100.83,100.86,106759
08/27/2014,1007,100.87,100.92,100.85,100.92,110756
08/27/2014,1008,100.93,100.93,100.9,100.91,78640
08/27/2014,1009,100.91,100.91,100.86,100.86,95281
08/27/2014,1010,100.86,100.88,100.85,100.85,58391
08/27/2014,1011,100.86,100.86,100.81,100.82,105257
08/27/2014,1012,100.81,100.84,100.77,100.82,104472
08/27/2014,1013,100.83,100.87,100.82,100.86,54233
08/27/2014,1014,100.85,100.96,100.85,100.93,84167
08/27/2014,1015,100.94,100.94,100.86,100.9,128107
08/27/2014,1016,100.9,100.91,100.8,100.8,80868
08/27/2014,1017,100.8,100.8,100.76,100.79,116954
08/27/2014,1018,100.79,100.81,100.78,100.79,85855
08/27/2014,1019,100.8,100.82,100.77,100.8,64839
08/27/2014,1020,100.8,100.82,100.78,100.8,64301
08/27/2014,1021,100.8,100.84,100.8,100.83,67716
08/27/2014,1022,100.82,100.85,100.79,100.85,69211
08/27/2014,1023,100.84,100.85,100.76,100.78,90518
08/27/2014,1024,100.78,100.84,100.78,100.8,92995
08/27/2014,1025,100.79,100.82,100.77,100.82,70709
08/27/2014,1026,100.81,100.83,100.78,100.79,67485
08/27/2014,1027,100.79,100.81,100.76,100.76,103755
08/27/2014,1028,100.76,100.81,100.76,100.78,51603
08/27/2014,1029,100.79,100.8,100.77,100.79,38107
08/27/2014,1030,100.79,100.83,100.79,100.82,66960
08/27/2014,1031,100.82,100.83,100.78,100.8,79898
08/27/2014,1032,100.8,100.83,100.79,100.79,48876
08/27/2014,1033,100.81,100.83,100.8,100.81,64067
08/27/2014,1034,100.81,100.87,100.81,100.87,82480
08/27/2014,1035,100.87,100.87,100.84,100.84,58241
08/27/2014,1036,100.84,100.84,100.8,100.81,90967
08/27/2014,1037,100.82,100.82,100.78,100.79,53035
08/27/2014,1038,100.79,100.8,100.71,100.75,142750
08/27/2014,1039,100.75,100.77,100.73,100.73,68279
08/27/2014,1040,100.74,100.8,100.73,100.79,82936
08/27/2014,1041,100.78,100.81,100.78,100.79,77406
08/27/2014,1042,100.8,100.8,100.77,100.79,67519
08/27/2014,1043,100.79,100.81,100.78,100.81,41440
08/27/2014,1044,100.81,100.81,100.77,100.79,39958
08/27/2014,1045,100.79,100.82,100.79,100.81,28615
08/27/2014,1046,100.8,100.83,100.79,100.81,73182
08/27/2014,1047,100.81,100.88,100.81,100.88,64070
08/27/2014,1048,100.88,100.96,100.86,100.95,100466
08/27/2014,1049,100.96,100.98,100.95,100.98,120867
08/27/2014,1050,100.97,101.01,100.93,100.99,205557
08/27/2014,1051,100.99,101.09,100.99,101.05,145096
08/27/2014,1052,101.05,101.12,101.05,101.1,141740
08/27/2014,1053,101.1,101.15,101.1,101.14,117716
08/27/2014,1054,101.15,101.18,101.09,101.15,205780
08/27/2014,1055,101.15,101.16,101.12,101.15,122732
08/27/2014,1056,101.15,101.17,101.1,101.13,101822
08/27/2014,1057,101.13,101.17,101.12,101.16,95463
08/27/2014,1058,101.16,101.16,101.13,101.14,52070
08/27/2014,1059,101.15,101.16,101.13,101.16,113497
08/27/2014,1100,101.16,101.18,101.15,101.16,135227
08/27/2014,1101,101.15,101.18,101.14,101.15,89528
08/27/2014,1102,101.15,101.16,101.14,101.15,70539
08/27/2014,1103,101.15,101.16,101.12,101.13,72837
08/27/2014,1104,101.13,101.13,101.05,101.1,107836
08/27/2014,1105,101.1,101.15,101.09,101.15,49832
08/27/2014,1106,101.15,101.15,101.12,101.13,48955
08/27/2014,1107,101.13,101.13,101.07,101.08,46789
08/27/2014,1108,101.08,101.09,101.06,101.07,88214
08/27/2014,1109,101.07,101.07,101.06,101.06,37018
08/27/2014,1110,101.06,101.07,101.03,101.04,61481
08/27/2014,1111,101.05,101.05,101.04,101.05,43005
08/27/2014,1112,101.04,101.05,101.04,101.05,38493
08/27/2014,1113,101.05,101.05,101.03,101.05,42492
08/27/2014,1114,101.05,101.06,101.04,101.06,24321
08/27/2014,1115,101.06,101.07,101.05,101.05,73083
08/27/2014,1116,101.06,101.06,101.03,101.04,43657
08/27/2014,1117,101.03,101.04,101,101,71965
08/27/2014,1118,101,101.04,101,101.04,46319
08/27/2014,1119,101.04,101.09,101.04,101.08,60337
08/27/2014,1120,101.09,101.11,101.07,101.1,56861
08/27/2014,1121,101.1,101.1,101.07,101.08,39114
08/27/2014,1122,101.08,101.09,101.06,101.08,48787
08/27/2014,1123,101.08,101.09,101.06,101.08,54464
08/27/2014,1124,101.07,101.09,101.06,101.08,35175
08/27/2014,1125,101.08,101.1,101.08,101.08,28826
08/27/2014,1126,101.08,101.1,101.08,101.09,30322
08/27/2014,1127,101.1,101.12,101.09,101.11,55858
08/27/2014,1128,101.1,101.12,101.1,101.12,31493
08/27/2014,1129,101.11,101.14,101.11,101.13,81395
08/27/2014,1130,101.13,101.13,101.08,101.1,93097
08/27/2014,1131,101.1,101.11,101.09,101.1,78188
08/27/2014,1132,101.1,101.15,101.1,101.15,59315
08/27/2014,1133,101.15,101.3,101.15,101.3,262292
08/27/2014,1134,101.29,101.42,101.29,101.42,189239
08/27/2014,1135,101.41,101.49,101.4,101.47,302280
08/27/2014,1136,101.46,101.48,101.45,101.46,109159
08/27/2014,1137,101.47,101.47,101.41,101.43,130117
08/27/2014,1138,101.43,101.46,101.43,101.45,110759
08/27/2014,1139,101.44,101.47,101.42,101.47,70782
08/27/2014,1140,101.47,101.57,101.47,101.56,236498
08/27/2014,1141,101.57,101.59,101.55,101.56,194319
08/27/2014,1142,101.55,101.56,101.51,101.51,91106
08/27/2014,1143,101.51,101.58,101.51,101.57,104279
08/27/2014,1144,101.57,101.65,101.57,101.62,182591
08/27/2014,1145,101.62,101.7,101.62,101.69,158542
08/27/2014,1146,101.69,101.75,101.68,101.7,214349
08/27/2014,1147,101.7,101.79,101.69,101.79,161207
08/27/2014,1148,101.79,101.93,101.78,101.93,486558
08/27/2014,1149,101.93,101.96,101.87,101.9,335155
08/27/2014,1150,101.89,101.98,101.87,101.95,189207
08/27/2014,1151,101.95,101.97,101.85,101.88,218558
08/27/2014,1152,101.88,101.89,101.8,101.83,224270
08/27/2014,1153,101.83,101.84,101.77,101.8,153328
08/27/2014,1154,101.79,101.8,101.76,101.76,89969
08/27/2014,1155,101.76,101.8,101.72,101.8,210239
08/27/2014,1156,101.8,101.8,101.73,101.76,133362
08/27/2014,1157,101.76,101.8,101.75,101.79,110569
08/27/2014,1158,101.8,101.84,101.75,101.77,125048
08/27/2014,1159,101.76,101.77,101.67,101.76,176431
08/27/2014,1200,101.76,101.82,101.76,101.81,145314
08/27/2014,1201,101.81,101.88,101.81,101.88,178764
08/27/2014,1202,101.87,101.88,101.84,101.86,75173
08/27/2014,1203,101.86,101.87,101.82,101.84,71245
08/27/2014,1204,101.84,101.88,101.84,101.85,61282
08/27/2014,1205,101.86,101.87,101.81,101.83,66099
08/27/2014,1206,101.82,101.83,101.77,101.78,67674
08/27/2014,1207,101.78,101.79,101.74,101.77,88520
08/27/2014,1208,101.78,101.79,101.75,101.77,58483
08/27/2014,1209,101.76,101.79,101.76,101.78,26540
08/27/2014,1210,101.77,101.78,101.74,101.75,70654
08/27/2014,1211,101.75,101.78,101.73,101.78,47015
08/27/2014,1212,101.78,101.79,101.76,101.78,41985
08/27/2014,1213,101.78,101.83,101.77,101.82,108729
08/27/2014,1214,101.82,101.83,101.8,101.83,66586
08/27/2014,1215,101.83,101.86,101.83,101.83,154263
08/27/2014,1216,101.84,101.86,101.83,101.85,42939
08/27/2014,1217,101.84,101.88,101.83,101.88,107755
08/27/2014,1218,101.87,101.88,101.86,101.87,24650
08/27/2014,1219,101.87,101.88,101.87,101.88,33694
08/27/2014,1220,101.88,101.95,101.87,101.94,171331
08/27/2014,1221,101.94,101.96,101.93,101.95,66512
08/27/2014,1222,101.95,101.95,101.9,101.92,87245
08/27/2014,1223,101.92,101.94,101.9,101.92,50583
08/27/2014,1224,101.91,101.92,101.88,101.91,49396
08/27/2014,1225,101.91,101.93,101.89,101.89,51666
08/27/2014,1226,101.9,101.91,101.88,101.89,39799
08/27/2014,1227,101.89,101.89,101.83,101.85,80230
08/27/2014,1228,101.84,101.85,101.81,101.83,41829
08/27/2014,1229,101.84,101.84,101.82,101.82,46886
08/27/2014,1230,101.83,101.86,101.8,101.84,79088
08/27/2014,1231,101.84,101.89,101.83,101.88,109843
08/27/2014,1232,101.88,101.91,101.87,101.9,69133
08/27/2014,1233,101.91,101.95,101.9,101.93,74282
08/27/2014,1234,101.93,101.93,101.87,101.92,66646
08/27/2014,1235,101.92,101.92,101.89,101.89,58735
08/27/2014,1236,101.89,101.92,101.89,101.92,14780
08/27/2014,1237,101.91,101.92,101.85,101.86,60414
08/27/2014,1238,101.86,101.88,101.86,101.87,37468
08/27/2014,1239,101.87,101.88,101.84,101.84,42749
08/27/2014,1240,101.84,101.84,101.8,101.8,59609
08/27/2014,1241,101.8,101.85,101.77,101.84,85957
08/27/2014,1242,101.83,101.89,101.83,101.89,61075
08/27/2014,1243,101.88,101.89,101.82,101.82,45349
08/27/2014,1244,101.83,101.86,101.8,101.86,45165
08/27/2014,1245,101.85,101.9,101.84,101.89,38612
08/27/2014,1246,101.89,101.89,101.86,101.89,33609
08/27/2014,1247,101.89,101.92,101.88,101.92,115857
08/27/2014,1248,101.91,101.93,101.91,101.92,76340
08/27/2014,1249,101.92,101.95,101.91,101.93,117965
08/27/2014,1250,101.93,101.96,101.92,101.95,106495
08/27/2014,1251,101.95,101.95,101.92,101.93,63024
08/27/2014,1252,101.93,101.94,101.92,101.92,32641
08/27/2014,1253,101.93,101.93,101.92,101.93,18481
08/27/2014,1254,101.93,101.96,101.92,101.95,77306
08/27/2014,1255,101.96,101.97,101.95,101.96,28519
08/27/2014,1256,101.96,101.99,101.96,101.98,273886
08/27/2014,1257,101.97,102,101.97,101.98,180459
08/27/2014,1258,101.98,102.05,101.98,102.05,774852
08/27/2014,1259,102.05,102.06,102,102.06,211705
08/27/2014,1300,102.06,102.06,101.93,101.94,179354
08/27/2014,1301,101.93,101.94,101.85,101.9,147209
08/27/2014,1302,101.89,101.94,101.88,101.93,74393
08/27/2014,1303,101.94,101.94,101.9,101.9,69143
08/27/2014,1304,101.89,101.91,101.84,101.85,88933
08/27/2014,1305,101.85,101.9,101.84,101.88,51108
08/27/2014,1306,101.88,101.91,101.87,101.9,38666
08/27/2014,1307,101.91,101.92,101.87,101.87,34842
08/27/2014,1308,101.88,101.9,101.87,101.89,15465
08/27/2014,1309,101.89,101.92,101.88,101.91,36215
08/27/2014,1310,101.92,101.93,101.91,101.93,39881
08/27/2014,1311,101.93,101.93,101.87,101.88,81846
08/27/2014,1312,101.88,101.92,101.88,101.92,15830
08/27/2014,1313,101.92,101.92,101.9,101.92,44522
08/27/2014,1314,101.91,101.98,101.91,101.98,79739
08/27/2014,1315,101.98,102.02,101.97,102.01,205796
08/27/2014,1316,102.02,102.02,101.96,101.98,99166
08/27/2014,1317,101.99,102.01,101.97,101.99,47684
08/27/2014,1318,101.98,101.99,101.97,101.98,39132
08/27/2014,1319,101.98,101.99,101.87,101.89,98028
08/27/2014,1320,101.88,101.94,101.88,101.94,91864
08/27/2014,1321,101.94,101.96,101.91,101.95,71589
08/27/2014,1322,101.95,101.99,101.94,101.98,81618
08/27/2014,1323,101.99,101.99,101.94,101.96,50559
08/27/2014,1324,101.96,101.99,101.96,101.98,108447
08/27/2014,1325,101.98,102,101.96,101.99,84958
08/27/2014,1326,101.99,102,101.96,101.97,70218
08/27/2014,1327,101.97,102,101.95,101.99,85557
08/27/2014,1328,101.99,101.99,101.97,101.97,30067
08/27/2014,1329,101.97,101.98,101.94,101.97,39202
08/27/2014,1330,101.96,102,101.96,102,67688
08/27/2014,1331,101.99,102,101.98,102,35596
08/27/2014,1332,102,102.02,101.97,102.02,110515
08/27/2014,1333,102.02,102.02,101.99,102,54172
08/27/2014,1334,102,102.04,101.99,102.04,81939
08/27/2014,1335,102.04,102.04,102.01,102.02,69182
08/27/2014,1336,102.03,102.04,102.01,102.04,74266
08/27/2014,1337,102.04,102.06,102.03,102.06,117936
08/27/2014,1338,102.05,102.06,102.04,102.04,94253
08/27/2014,1339,102.04,102.06,102.03,102.05,69151
08/27/2014,1340,102.05,102.05,101.99,102.03,114761
08/27/2014,1341,102.02,102.05,102.02,102.04,46624
08/27/2014,1342,102.03,102.08,102.03,102.06,165741
08/27/2014,1343,102.06,102.09,102.06,102.08,62831
08/27/2014,1344,102.09,102.1,102.07,102.1,90166
08/27/2014,1345,102.1,102.1,102.09,102.09,43230
08/27/2014,1346,102.1,102.1,102.09,102.1,54186
08/27/2014,1347,102.09,102.1,102.09,102.09,33592
08/27/2014,1348,102.1,102.1,102.09,102.09,33528
08/27/2014,1349,102.1,102.1,102.08,102.09,121972
08/27/2014,1350,102.09,102.18,102.09,102.15,374922
08/27/2014,1351,102.16,102.17,102.15,102.17,72911
08/27/2014,1352,102.17,102.17,102.15,102.17,91043
08/27/2014,1353,102.16,102.17,102.12,102.13,153471
08/27/2014,1354,102.13,102.14,102.05,102.11,144270
08/27/2014,1355,102.1,102.12,102.08,102.09,59527
08/27/2014,1356,102.08,102.12,102.08,102.11,49371
08/27/2014,1357,102.11,102.14,102.1,102.14,33775
08/27/2014,1358,102.14,102.14,102.11,102.11,69618
08/27/2014,1359,102.12,102.16,102.11,102.16,60583
08/27/2014,1400,102.15,102.22,102.15,102.22,209703
08/27/2014,1401,102.21,102.24,102.21,102.24,72862
08/27/2014,1402,102.24,102.24,102.2,102.24,150807
08/27/2014,1403,102.24,102.24,102.21,102.22,65713
08/27/2014,1404,102.22,102.24,102.22,102.24,90828
08/27/2014,1405,102.23,102.25,102.22,102.23,57261
08/27/2014,1406,102.23,102.24,102.22,102.23,43497
08/27/2014,1407,102.24,102.24,102.22,102.24,76975
08/27/2014,1408,102.24,102.24,102.23,102.24,37628
08/27/2014,1409,102.24,102.24,102.23,102.24,75741
08/27/2014,1410,102.24,102.35,102.23,102.33,292820
08/27/2014,1411,102.33,102.37,102.3,102.36,195124
08/27/2014,1412,102.36,102.38,102.35,102.35,168029
08/27/2014,1413,102.35,102.38,102.31,102.37,153054
08/27/2014,1414,102.37,102.4,102.35,102.4,124639
08/27/2014,1415,102.41,102.44,102.4,102.43,153446
08/27/2014,1416,102.43,102.48,102.43,102.46,177567
08/27/2014,1417,102.46,102.48,102.45,102.48,136916
08/27/2014,1418,102.48,102.54,102.45,102.53,379558
08/27/2014,1419,102.54,102.54,102.48,102.51,147168
08/27/2014,1420,102.51,102.57,102.51,102.53,310961
08/27/2014,1421,102.54,102.54,102.4,102.43,390205
08/27/2014,1422,102.42,102.43,102.36,102.42,122226
08/27/2014,1423,102.42,102.44,102.35,102.36,168053
08/27/2014,1424,102.36,102.39,102.35,102.36,130164
08/27/2014,1425,102.36,102.39,102.35,102.38,158928
08/27/2014,1426,102.38,102.39,102.36,102.38,93715
08/27/2014,1427,102.38,102.38,102.36,102.37,90354
08/27/2014,1428,102.38,102.39,102.36,102.37,89859
08/27/2014,1429,102.36,102.37,102.32,102.33,177004
08/27/2014,1430,102.33,102.33,102.32,102.33,61362
08/27/2014,1431,102.33,102.33,102.25,102.26,245210
08/27/2014,1432,102.26,102.27,102.25,102.25,130730
08/27/2014,1433,102.25,102.26,102.2,102.25,175357
08/27/2014,1434,102.25,102.27,102.24,102.26,168998
08/27/2014,1435,102.25,102.26,102.22,102.26,93297
08/27/2014,1436,102.25,102.26,102.23,102.25,46919
08/27/2014,1437,102.26,102.31,102.25,102.3,144161
08/27/2014,1438,102.3,102.33,102.28,102.32,174264
08/27/2014,1439,102.32,102.36,102.31,102.33,154375
08/27/2014,1440,102.34,102.37,102.33,102.35,120913
08/27/2014,1441,102.35,102.36,102.3,102.35,65390
08/27/2014,1442,102.34,102.35,102.23,102.24,129527
08/27/2014,1443,102.24,102.29,102.22,102.22,116126
08/27/2014,1444,102.22,102.28,102.22,102.25,83337
08/27/2014,1445,102.26,102.28,102.23,102.25,89305
08/27/2014,1446,102.26,102.27,102.26,102.27,73480
08/27/2014,1447,102.27,102.27,102.21,102.22,108027
08/27/2014,1448,102.22,102.25,102.21,102.22,76185
08/27/2014,1449,102.23,102.26,102.23,102.26,56785
08/27/2014,1450,102.26,102.28,102.23,102.27,39887
08/27/2014,1451,102.26,102.29,102.26,102.26,91258
08/27/2014,1452,102.27,102.28,102.21,102.24,95649
08/27/2014,1453,102.25,102.26,102.24,102.25,54947
08/27/2014,1454,102.25,102.25,102.22,102.22,54974
08/27/2014,1455,102.22,102.3,102.21,102.29,99884
08/27/2014,1456,102.29,102.3,102.25,102.26,106440
08/27/2014,1457,102.27,102.28,102.25,102.27,71327
08/27/2014,1458,102.27,102.27,102.1,102.16,327079
08/27/2014,1459,102.15,102.19,102.07,102.08,166611
08/27/2014,1500,102.07,102.1,102.07,102.08,96566
08/27/2014,1501,102.07,102.08,101.98,102.05,282692
08/27/2014,1502,102.05,102.12,102.04,102.11,138437
08/27/2014,1503,102.11,102.21,102.1,102.2,90992
08/27/2014,1504,102.21,102.21,102.14,102.16,100041
08/27/2014,1505,102.16,102.17,102.14,102.14,79262
08/27/2014,1506,102.14,102.2,102.13,102.14,74915
08/27/2014,1507,102.15,102.15,102.05,102.1,116981
08/27/2014,1508,102.1,102.16,102.09,102.15,134174
08/27/2014,1509,102.16,102.24,102.15,102.24,66284
08/27/2014,1510,102.23,102.24,102.18,102.21,67882
08/27/2014,1511,102.2,102.25,102.2,102.24,52421
08/27/2014,1512,102.24,102.25,102.21,102.23,73419
08/27/2014,1513,102.23,102.23,102.16,102.18,73749
08/27/2014,1514,102.17,102.19,102.16,102.18,40704
08/27/2014,1515,102.18,102.18,102.17,102.17,17049
08/27/2014,1516,102.18,102.18,102.13,102.14,70537
08/27/2014,1517,102.14,102.15,102.1,102.12,84328
08/27/2014,1518,102.12,102.15,102.11,102.11,136842
08/27/2014,1519,102.12,102.14,102.11,102.12,48437
08/27/2014,1520,102.13,102.13,102.04,102.05,186451
08/27/2014,1521,102.05,102.06,102.01,102.03,181867
08/27/2014,1522,102.04,102.12,102.03,102.07,136755
08/27/2014,1523,102.08,102.08,102.04,102.05,75092
08/27/2014,1524,102.04,102.05,101.95,102.01,178389
08/27/2014,1525,102.01,102.05,102,102.04,167142
08/27/2014,1526,102.04,102.04,101.97,101.99,114745
08/27/2014,1527,101.98,102.01,101.94,101.97,181731
08/27/2014,1528,101.97,101.99,101.95,101.98,99653
08/27/2014,1529,101.98,101.99,101.97,101.98,57888
08/27/2014,1530,101.98,101.98,101.96,101.97,55561
08/27/2014,1531,101.96,101.99,101.96,101.99,73993
08/27/2014,1532,101.98,102.01,101.98,101.99,78838
08/27/2014,1533,101.98,102.01,101.98,101.99,72612
08/27/2014,1534,102,102,101.98,101.98,40625
08/27/2014,1535,101.98,102.03,101.98,102.02,100283
08/27/2014,1536,102.03,102.03,102,102.01,51129
08/27/2014,1537,102.01,102.04,101.99,102.02,113428
08/27/2014,1538,102.02,102.05,102.01,102.03,128272
08/27/2014,1539,102.03,102.03,102,102.01,53867
08/27/2014,1540,102,102.04,102,102.02,83236
08/27/2014,1541,102.02,102.02,101.97,102,102851
08/27/2014,1542,102,102.01,101.99,102,40819
08/27/2014,1543,102.01,102.04,102.01,102.01,87284
08/27/2014,1544,102.02,102.04,101.99,101.99,81207
08/27/2014,1545,102,102.01,101.97,102,126680
08/27/2014,1546,102,102,101.96,101.97,52219
08/27/2014,1547,101.96,102,101.95,101.99,110069
08/27/2014,1548,102,102,101.99,101.99,63034
08/27/2014,1549,102,102,101.95,101.96,128502
08/27/2014,1550,101.96,101.98,101.95,101.97,90620
08/27/2014,1551,101.98,101.98,101.96,101.98,117794
08/27/2014,1552,101.98,101.98,101.95,101.95,124185
08/27/2014,1553,101.96,102,101.95,102,120699
08/27/2014,1554,101.99,102.02,101.99,102.01,154998
08/27/2014,1555,102.01,102.11,102.01,102.1,281067
08/27/2014,1556,102.09,102.1,102.03,102.09,161011
08/27/2014,1557,102.09,102.09,102.06,102.08,112359
08/27/2014,1558,102.08,102.1,102.07,102.09,158474
08/27/2014,1559,102.08,102.14,102.08,102.12,637119
08/28/2014,0930,101.59,101.94,101.56,101.9,913019
08/28/2014,0931,101.9,101.92,101.75,101.77,322242
08/28/2014,0932,101.76,101.83,101.74,101.83,222272
08/28/2014,0933,101.82,101.96,101.77,101.89,311621
08/28/2014,0934,101.87,101.9,101.81,101.85,173175
08/28/2014,0935,101.84,101.9,101.82,101.87,289861
08/28/2014,0936,101.87,102.08,101.85,102.02,323583
08/28/2014,0937,102.02,102.13,102.02,102.12,331187
08/28/2014,0938,102.13,102.2,102.07,102.19,333173
08/28/2014,0939,102.18,102.32,102.18,102.32,401424
08/28/2014,0940,102.32,102.36,102.25,102.31,438116
08/28/2014,0941,102.31,102.45,102.3,102.41,440323
08/28/2014,0942,102.4,102.43,102.25,102.31,343659
08/28/2014,0943,102.3,102.31,102.15,102.24,349861
08/28/2014,0944,102.23,102.36,102.23,102.33,234623
08/28/2014,0945,102.33,102.33,102.25,102.27,113123
08/28/2014,0946,102.28,102.36,102.25,102.34,198033
08/28/2014,0947,102.35,102.43,102.34,102.42,255857
08/28/2014,0948,102.41,102.43,102.3,102.33,267135
08/28/2014,0949,102.33,102.33,102.16,102.24,458839
08/28/2014,0950,102.23,102.35,102.23,102.34,147410
08/28/2014,0951,102.34,102.4,102.22,102.3,310912
08/28/2014,0952,102.3,102.38,102.28,102.38,135121
08/28/2014,0953,102.37,102.53,102.36,102.5,472048
08/28/2014,0954,102.51,102.51,102.38,102.44,208414
08/28/2014,0955,102.44,102.51,102.42,102.5,188761
08/28/2014,0956,102.49,102.54,102.49,102.51,170865
08/28/2014,0957,102.52,102.52,102.47,102.49,129533
08/28/2014,0958,102.48,102.52,102.48,102.51,120896
08/28/2014,0959,102.5,102.52,102.4,102.41,242682
08/28/2014,1000,102.43,102.46,102.4,102.45,119098
08/28/2014,1001,102.46,102.48,102.4,102.42,128878
08/28/2014,1002,102.42,102.47,102.4,102.4,99309
08/28/2014,1003,102.4,102.41,102.36,102.4,209280
08/28/2014,1004,102.4,102.44,102.4,102.43,142562
08/28/2014,1005,102.43,102.45,102.39,102.4,116952
08/28/2014,1006,102.4,102.49,102.4,102.48,234763
08/28/2014,1007,102.48,102.5,102.47,102.49,115920
08/28/2014,1008,102.49,102.49,102.41,102.42,160943
08/28/2014,1009,102.42,102.44,102.37,102.38,96967
08/28/2014,1010,102.38,102.4,102.34,102.35,145960
08/28/2014,1011,102.34,102.36,102.28,102.33,248463
08/28/2014,1012,102.35,102.37,102.33,102.35,120371
08/28/2014,1013,102.35,102.39,102.25,102.27,177018
08/28/2014,1014,102.28,102.28,102.15,102.19,282705
08/28/2014,1015,102.19,102.24,102.17,102.23,169759
08/28/2014,1016,102.24,102.3,102.19,102.28,152938
08/28/2014,1017,102.28,102.3,102.2,102.21,113520
08/28/2014,1018,102.22,102.24,102.2,102.23,107544
08/28/2014,1019,102.23,102.29,102.22,102.23,150181
08/28/2014,1020,102.28,102.28,102.18,102.19,118618
08/28/2014,1021,102.19,102.2,102.16,102.19,124113
08/28/2014,1022,102.19,102.23,102.18,102.22,137430
08/28/2014,1023,102.22,102.3,102.2,102.27,159561
08/28/2014,1024,102.27,102.3,102.25,102.29,123056
08/28/2014,1025,102.29,102.3,102.22,102.23,128559
08/28/2014,1026,102.24,102.24,102.19,102.19,125976
08/28/2014,1027,102.19,102.2,102.06,102.07,374449
08/28/2014,1028,102.07,102.09,102.04,102.07,265723
08/28/2014,1029,102.08,102.1,102.05,102.1,163490
08/28/2014,1030,102.1,102.16,102.09,102.13,107625
08/28/2014,1031,102.14,102.16,102.11,102.16,99196
08/28/2014,1032,102.15,102.18,102.15,102.17,119401
08/28/2014,1033,102.16,102.22,102.15,102.19,131733
08/28/2014,1034,102.19,102.19,102.16,102.17,103507
08/28/2014,1035,102.17,102.21,102.15,102.2,147257
08/28/2014,1036,102.2,102.25,102.2,102.22,95875
08/28/2014,1037,102.22,102.25,102.21,102.24,125870
08/28/2014,1038,102.24,102.26,102.22,102.24,97913
08/28/2014,1039,102.23,102.24,102.19,102.22,74183
08/28/2014,1040,102.22,102.23,102.2,102.23,77790
08/28/2014,1041,102.23,102.23,102.21,102.23,42622
08/28/2014,1042,102.22,102.26,102.22,102.25,93156
08/28/2014,1043,102.26,102.31,102.24,102.24,91834
08/28/2014,1044,102.24,102.3,102.23,102.27,100031
08/28/2014,1045,102.28,102.33,102.27,102.33,121011
08/28/2014,1046,102.33,102.37,102.32,102.37,115097
08/28/2014,1047,102.37,102.37,102.32,102.37,133657
08/28/2014,1048,102.37,102.46,102.36,102.41,247420
08/28/2014,1049,102.41,102.48,102.41,102.47,185855
08/28/2014,1050,102.46,102.49,102.45,102.49,124699
08/28/2014,1051,102.49,102.5,102.43,102.43,251344
08/28/2014,1052,102.44,102.46,102.41,102.43,103624
08/28/2014,1053,102.43,102.47,102.42,102.46,85771
08/28/2014,1054,102.46,102.48,102.43,102.43,153880
08/28/2014,1055,102.43,102.45,102.32,102.34,105503
08/28/2014,1056,102.34,102.34,102.28,102.3,106883
08/28/2014,1057,102.3,102.35,102.29,102.35,80213
08/28/2014,1058,102.34,102.35,102.32,102.34,63013
08/28/2014,1059,102.34,102.38,102.34,102.36,83115
08/28/2014,1100,102.37,102.44,102.37,102.44,133373
08/28/2014,1101,102.44,102.46,102.4,102.44,139692
08/28/2014,1102,102.45,102.45,102.39,102.4,90383
08/28/2014,1103,102.4,102.42,102.38,102.41,59042
08/28/2014,1104,102.41,102.45,102.4,102.44,44728
08/28/2014,1105,102.45,102.46,102.38,102.39,187075
08/28/2014,1106,102.4,102.44,102.37,102.43,58791
08/28/2014,1107,102.43,102.43,102.39,102.43,41356
08/28/2014,1108,102.42,102.46,102.41,102.44,72444
08/28/2014,1109,102.43,102.43,102.37,102.39,74779
08/28/2014,1110,102.38,102.43,102.37,102.4,78235
08/28/2014,1111,102.41,102.43,102.4,102.42,59405
08/28/2014,1112,102.4,102.43,102.37,102.4,95331
08/28/2014,1113,102.4,102.43,102.38,102.39,62823
08/28/2014,1114,102.38,102.41,102.38,102.39,43667
08/28/2014,1115,102.38,102.41,102.38,102.41,54637
08/28/2014,1116,102.41,102.42,102.32,102.32,130529
08/28/2014,1117,102.32,102.39,102.3,102.36,142713
08/28/2014,1118,102.35,102.4,102.3,102.34,175936
08/28/2014,1119,102.35,102.36,102.3,102.33,95873
08/28/2014,1120,102.33,102.34,102.29,102.32,48062
08/28/2014,1121,102.33,102.33,102.28,102.31,63387
08/28/2014,1122,102.31,102.32,102.29,102.32,57964
08/28/2014,1123,102.32,102.35,102.32,102.32,63241
08/28/2014,1124,102.32,102.32,102.25,102.28,117242
08/28/2014,1125,102.27,102.36,102.26,102.35,90875
08/28/2014,1126,102.35,102.36,102.34,102.35,33466
08/28/2014,1127,102.35,102.39,102.34,102.38,87525
08/28/2014,1128,102.38,102.38,102.34,102.36,69957
08/28/2014,1129,102.36,102.38,102.34,102.37,97546
08/28/2014,1130,102.38,102.38,102.35,102.37,63546
08/28/2014,1131,102.36,102.38,102.36,102.36,36229
08/28/2014,1132,102.37,102.37,102.35,102.36,57291
08/28/2014,1133,102.37,102.39,102.36,102.38,90348
08/28/2014,1134,102.38,102.39,102.36,102.37,43327
08/28/2014,1135,102.37,102.38,102.36,102.38,52923
08/28/2014,1136,102.37,102.38,102.35,102.35,73414
08/28/2014,1137,102.36,102.38,102.35,102.38,49742
08/28/2014,1138,102.37,102.48,102.37,102.48,643533
08/28/2014,1139,102.48,102.49,102.43,102.46,118435
08/28/2014,1140,102.47,102.48,102.45,102.46,63445
08/28/2014,1141,102.45,102.47,102.45,102.45,57011
08/28/2014,1142,102.46,102.46,102.43,102.45,39256
08/28/2014,1143,102.44,102.45,102.4,102.43,59657
08/28/2014,1144,102.43,102.47,102.41,102.46,57124
08/28/2014,1145,102.46,102.48,102.42,102.45,50480
08/28/2014,1146,102.45,102.45,102.42,102.42,29136
08/28/2014,1147,102.43,102.45,102.42,102.43,55934
08/28/2014,1148,102.43,102.45,102.42,102.44,54672
08/28/2014,1149,102.43,102.48,102.43,102.48,100874
08/28/2014,1150,102.48,102.53,102.47,102.53,232774
08/28/2014,1151,102.52,102.55,102.52,102.55,157101
08/28/2014,1152,102.55,102.56,102.47,102.5,110271
08/28/2014,1153,102.5,102.51,102.46,102.47,59943
08/28/2014,1154,102.47,102.5,102.46,102.49,29437
08/28/2014,1155,102.48,102.5,102.44,102.45,87645
08/28/2014,1156,102.44,102.45,102.43,102.44,66124
08/28/2014,1157,102.44,102.44,102.35,102.36,97315
08/28/2014,1158,102.36,102.39,102.35,102.38,68362
08/28/2014,1159,102.38,102.43,102.37,102.42,47534
08/28/2014,1200,102.42,102.43,102.41,102.42,53756
08/28/2014,1201,102.43,102.43,102.4,102.43,67206
08/28/2014,1202,102.43,102.43,102.4,102.41,52417
08/28/2014,1203,102.4,102.42,102.37,102.39,42393
08/28/2014,1204,102.4,102.45,102.38,102.45,222506
08/28/2014,1205,102.44,102.49,102.44,102.47,80607
08/28/2014,1206,102.47,102.5,102.43,102.47,161769
08/28/2014,1207,102.47,102.5,102.47,102.49,108405
08/28/2014,1208,102.49,102.49,102.46,102.47,61394
08/28/2014,1209,102.48,102.48,102.46,102.48,79520
08/28/2014,1210,102.48,102.56,102.47,102.55,260066
08/28/2014,1211,102.54,102.55,102.48,102.5,150944
08/28/2014,1212,102.51,102.54,102.49,102.54,59007
08/28/2014,1213,102.53,102.54,102.52,102.54,76225
08/28/2014,1214,102.54,102.54,102.5,102.51,116510
08/28/2014,1215,102.52,102.55,102.51,102.53,64513
08/28/2014,1216,102.53,102.54,102.52,102.53,74180
08/28/2014,1217,102.53,102.57,102.53,102.57,108036
08/28/2014,1218,102.56,102.64,102.55,102.64,252263
08/28/2014,1219,102.63,102.65,102.62,102.64,130592
08/28/2014,1220,102.64,102.68,102.64,102.67,266614
08/28/2014,1221,102.68,102.7,102.67,102.69,102496
08/28/2014,1222,102.69,102.73,102.68,102.72,129075
08/28/2014,1223,102.72,102.77,102.71,102.76,167230
08/28/2014,1224,102.77,102.78,102.75,102.77,155865
08/28/2014,1225,102.76,102.77,102.71,102.71,155512
08/28/2014,1226,102.71,102.74,102.66,102.67,157907
08/28/2014,1227,102.67,102.67,102.64,102.66,130037
08/28/2014,1228,102.66,102.67,102.6,102.64,229293
08/28/2014,1229,102.63,102.65,102.62,102.64,109668
08/28/2014,1230,102.63,102.66,102.63,102.65,60565
08/28/2014,1231,102.66,102.67,102.61,102.62,125737
08/28/2014,1232,102.61,102.62,102.56,102.56,136774
08/28/2014,1233,102.57,102.59,102.56,102.59,85004
08/28/2014,1234,102.59,102.59,102.54,102.56,98598
08/28/2014,1235,102.54,102.55,102.51,102.52,121184
08/28/2014,1236,102.52,102.53,102.5,102.5,80896
08/28/2014,1237,102.5,102.52,102.5,102.52,37062
08/28/2014,1238,102.52,102.53,102.5,102.5,67622
08/28/2014,1239,102.5,102.52,102.49,102.51,62917
08/28/2014,1240,102.51,102.52,102.46,102.48,85897
08/28/2014,1241,102.47,102.51,102.47,102.5,48546
08/28/2014,1242,102.51,102.53,102.5,102.52,78936
08/28/2014,1243,102.53,102.55,102.52,102.54,80475
08/28/2014,1244,102.53,102.54,102.52,102.54,41383
08/28/2014,1245,102.53,102.54,102.51,102.51,53531
08/28/2014,1246,102.52,102.55,102.51,102.55,57823
08/28/2014,1247,102.54,102.55,102.52,102.52,52202
08/28/2014,1248,102.53,102.54,102.51,102.51,35665
08/28/2014,1249,102.51,102.52,102.49,102.5,51734
08/28/2014,1250,102.5,102.54,102.5,102.52,37018
08/28/2014,1251,102.53,102.56,102.51,102.55,47599
08/28/2014,1252,102.56,102.57,102.53,102.55,34057
08/28/2014,1253,102.55,102.58,102.54,102.57,48716
08/28/2014,1254,102.57,102.58,102.55,102.55,42673
08/28/2014,1255,102.56,102.57,102.47,102.47,105057
08/28/2014,1256,102.48,102.5,102.45,102.46,65512
08/28/2014,1257,102.45,102.45,102.38,102.38,104846
08/28/2014,1258,102.39,102.42,102.37,102.41,89761
08/28/2014,1259,102.41,102.43,102.4,102.43,55752
08/28/2014,1300,102.43,102.45,102.4,102.42,73975
08/28/2014,1301,102.42,102.43,102.36,102.36,114934
08/28/2014,1302,102.36,102.41,102.36,102.4,68957
08/28/2014,1303,102.39,102.41,102.37,102.37,57328
08/28/2014,1304,102.37,102.38,102.3,102.31,155544
08/28/2014,1305,102.3,102.31,102.3,102.3,67419
08/28/2014,1306,102.3,102.32,102.3,102.3,52983
08/28/2014,1307,102.31,102.31,102.27,102.3,85811
08/28/2014,1308,102.3,102.35,102.29,102.33,71388
08/28/2014,1309,102.33,102.38,102.33,102.37,53097
08/28/2014,1310,102.38,102.38,102.35,102.37,71805
08/28/2014,1311,102.36,102.39,102.35,102.37,74528
08/28/2014,1312,102.38,102.41,102.38,102.39,56820
08/28/2014,1313,102.38,102.39,102.35,102.37,49203
08/28/2014,1314,102.37,102.45,102.35,102.42,65997
08/28/2014,1315,102.42,102.46,102.42,102.44,78141
08/28/2014,1316,102.44,102.47,102.43,102.45,72496
08/28/2014,1317,102.44,102.45,102.39,102.41,65111
08/28/2014,1318,102.41,102.46,102.4,102.45,61910
08/28/2014,1319,102.45,102.47,102.44,102.45,52284
08/28/2014,1320,102.44,102.45,102.4,102.41,25628
08/28/2014,1321,102.41,102.42,102.38,102.4,66112
08/28/2014,1322,102.4,102.41,102.38,102.39,56850
08/28/2014,1323,102.38,102.38,102.35,102.36,58413
08/28/2014,1324,102.35,102.37,102.34,102.36,44805
08/28/2014,1325,102.36,102.36,102.34,102.35,18821
08/28/2014,1326,102.35,102.35,102.32,102.34,30724
08/28/2014,1327,102.34,102.38,102.33,102.37,45955
08/28/2014,1328,102.37,102.38,102.35,102.36,16926
08/28/2014,1329,102.35,102.36,102.34,102.35,25087
08/28/2014,1330,102.36,102.37,102.35,102.35,38611
08/28/2014,1331,102.35,102.37,102.35,102.37,41719
08/28/2014,1332,102.36,102.39,102.35,102.38,38719
08/28/2014,1333,102.38,102.38,102.36,102.36,50160
08/28/2014,1334,102.35,102.37,102.34,102.37,28163
08/28/2014,1335,102.37,102.38,102.35,102.36,47174
08/28/2014,1336,102.36,102.37,102.34,102.35,49107
08/28/2014,1337,102.36,102.36,102.34,102.34,42563
08/28/2014,1338,102.34,102.39,102.34,102.38,29232
08/28/2014,1339,102.38,102.41,102.36,102.41,61882
08/28/2014,1340,102.4,102.42,102.4,102.42,24749
08/28/2014,1341,102.42,102.46,102.41,102.46,65427
08/28/2014,1342,102.45,102.5,102.45,102.48,93620
08/28/2014,1343,102.47,102.49,102.46,102.47,57470
08/28/2014,1344,102.47,102.49,102.45,102.48,43723
08/28/2014,1345,102.48,102.5,102.48,102.49,30512
08/28/2014,1346,102.5,102.54,102.49,102.52,94011
08/28/2014,1347,102.52,102.53,102.51,102.52,41518
08/28/2014,1348,102.52,102.52,102.49,102.49,58118
08/28/2014,1349,102.49,102.5,102.43,102.44,52773
08/28/2014,1350,102.44,102.46,102.41,102.45,37782
08/28/2014,1351,102.45,102.47,102.44,102.46,23599
08/28/2014,1352,102.47,102.47,102.44,102.44,37304
08/28/2014,1353,102.44,102.47,102.42,102.47,29477
08/28/2014,1354,102.47,102.5,102.45,102.49,51269
08/28/2014,1355,102.49,102.51,102.48,102.49,36763
08/28/2014,1356,102.49,102.49,102.44,102.48,39948
08/28/2014,1357,102.48,102.48,102.44,102.45,48016
08/28/2014,1358,102.45,102.45,102.4,102.4,46949
08/28/2014,1359,102.4,102.43,102.4,102.42,20153
08/28/2014,1400,102.42,102.45,102.41,102.43,38734
08/28/2014,1401,102.43,102.44,102.41,102.41,19747
08/28/2014,1402,102.42,102.43,102.41,102.42,25578
08/28/2014,1403,102.42,102.43,102.41,102.42,14081
08/28/2014,1404,102.42,102.43,102.41,102.41,70707
08/28/2014,1405,102.41,102.43,102.41,102.43,24122
08/28/2014,1406,102.42,102.46,102.42,102.45,80175
08/28/2014,1407,102.45,102.47,102.44,102.45,38571
08/28/2014,1408,102.45,102.45,102.43,102.44,35703
08/28/2014,1409,102.44,102.44,102.43,102.43,25475
08/28/2014,1410,102.44,102.48,102.44,102.47,43119
08/28/2014,1411,102.47,102.48,102.46,102.47,32232
08/28/2014,1412,102.48,102.48,102.44,102.44,39955
08/28/2014,1413,102.45,102.46,102.44,102.45,23861
08/28/2014,1414,102.44,102.45,102.44,102.44,53596
08/28/2014,1415,102.43,102.44,102.42,102.42,29306
08/28/2014,1416,102.43,102.43,102.34,102.37,115552
08/28/2014,1417,102.37,102.39,102.36,102.38,27252
08/28/2014,1418,102.39,102.42,102.37,102.41,26360
08/28/2014,1419,102.4,102.46,102.39,102.45,65713
08/28/2014,1420,102.45,102.47,102.44,102.44,31190
08/28/2014,1421,102.44,102.47,102.44,102.46,31496
08/28/2014,1422,102.46,102.47,102.44,102.47,23536
08/28/2014,1423,102.46,102.47,102.44,102.45,45402
08/28/2014,1424,102.45,102.45,102.41,102.42,33831
08/28/2014,1425,102.42,102.44,102.42,102.44,22907
08/28/2014,1426,102.44,102.44,102.42,102.44,40262
08/28/2014,1427,102.44,102.44,102.42,102.44,20442
08/28/2014,1428,102.44,102.44,102.42,102.43,20312
08/28/2014,1429,102.44,102.44,102.4,102.42,45209
08/28/2014,1430,102.43,102.43,102.39,102.4,30967
08/28/2014,1431,102.41,102.42,102.39,102.42,25937
08/28/2014,1432,102.42,102.43,102.4,102.42,30809
08/28/2014,1433,102.42,102.44,102.41,102.43,37231
08/28/2014,1434,102.44,102.47,102.43,102.47,94378
08/28/2014,1435,102.47,102.47,102.45,102.47,54535
08/28/2014,1436,102.46,102.47,102.44,102.44,38639
08/28/2014,1437,102.44,102.46,102.43,102.46,25961
08/28/2014,1438,102.45,102.47,102.45,102.47,26368
08/28/2014,1439,102.47,102.48,102.44,102.44,64067
08/28/2014,1440,102.44,102.47,102.43,102.47,23627
08/28/2014,1441,102.46,102.49,102.46,102.48,49025
08/28/2014,1442,102.47,102.5,102.47,102.49,70345
08/28/2014,1443,102.5,102.51,102.47,102.48,75249
08/28/2014,1444,102.48,102.48,102.46,102.47,22786
08/28/2014,1445,102.46,102.48,102.46,102.47,15591
08/28/2014,1446,102.47,102.47,102.45,102.47,49392
08/28/2014,1447,102.46,102.47,102.45,102.46,16999
08/28/2014,1448,102.47,102.47,102.43,102.45,60035
08/28/2014,1449,102.45,102.45,102.42,102.44,54583
08/28/2014,1450,102.43,102.45,102.43,102.43,23389
08/28/2014,1451,102.43,102.45,102.37,102.37,140443
08/28/2014,1452,102.38,102.4,102.37,102.39,63939
08/28/2014,1453,102.39,102.4,102.37,102.37,46452
08/28/2014,1454,102.37,102.42,102.37,102.42,39383
08/28/2014,1455,102.42,102.42,102.4,102.4,28523
08/28/2014,1456,102.4,102.41,102.39,102.4,21355
08/28/2014,1457,102.39,102.4,102.33,102.34,111032
08/28/2014,1458,102.33,102.33,102.27,102.3,176878
08/28/2014,1459,102.3,102.31,102.26,102.28,96849
08/28/2014,1500,102.28,102.29,102.26,102.26,72583
08/28/2014,1501,102.27,102.29,102.26,102.27,52515
08/28/2014,1502,102.26,102.27,102.21,102.22,189025
08/28/2014,1503,102.22,102.23,102.16,102.18,202305
08/28/2014,1504,102.18,102.19,102.17,102.18,47031
08/28/2014,1505,102.18,102.23,102.17,102.23,88810
08/28/2014,1506,102.23,102.31,102.22,102.31,122420
08/28/2014,1507,102.31,102.32,102.28,102.31,55400
08/28/2014,1508,102.31,102.32,102.29,102.3,59721
08/28/2014,1509,102.3,102.3,102.25,102.26,40691
08/28/2014,1510,102.26,102.33,102.26,102.32,54213
08/28/2014,1511,102.31,102.32,102.23,102.24,69295
08/28/2014,1512,102.24,102.27,102.24,102.25,24554
08/28/2014,1513,102.25,102.3,102.24,102.27,69189
08/28/2014,1514,102.27,102.28,102.26,102.28,18708
08/28/2014,1515,102.28,102.28,102.26,102.27,43254
08/28/2014,1516,102.28,102.32,102.27,102.32,25814
08/28/2014,1517,102.32,102.36,102.32,102.35,60292
08/28/2014,1518,102.36,102.36,102.32,102.35,37055
08/28/2014,1519,102.35,102.35,102.32,102.34,44351
08/28/2014,1520,102.34,102.36,102.32,102.34,50875
08/28/2014,1521,102.35,102.37,102.34,102.37,35244
08/28/2014,1522,102.36,102.38,102.36,102.38,37681
08/28/2014,1523,102.38,102.39,102.37,102.39,67338
08/28/2014,1524,102.38,102.39,102.35,102.37,46369
08/28/2014,1525,102.38,102.38,102.34,102.35,31070
08/28/2014,1526,102.34,102.36,102.33,102.35,25505
08/28/2014,1527,102.35,102.36,102.34,102.35,32869
08/28/2014,1528,102.35,102.36,102.33,102.34,36621
08/28/2014,1529,102.34,102.35,102.33,102.35,24988
08/28/2014,1530,102.35,102.42,102.34,102.4,179966
08/28/2014,1531,102.4,102.44,102.39,102.43,104149
08/28/2014,1532,102.44,102.44,102.42,102.43,65184
08/28/2014,1533,102.43,102.44,102.42,102.42,25770
08/28/2014,1534,102.43,102.45,102.41,102.43,90959
08/28/2014,1535,102.43,102.45,102.41,102.42,70739
08/28/2014,1536,102.41,102.45,102.4,102.45,78659
08/28/2014,1537,102.45,102.46,102.42,102.43,81926
08/28/2014,1538,102.43,102.45,102.43,102.45,43435
08/28/2014,1539,102.44,102.46,102.44,102.45,89678
08/28/2014,1540,102.45,102.45,102.4,102.45,101313
08/28/2014,1541,102.45,102.45,102.43,102.45,48925
08/28/2014,1542,102.44,102.45,102.43,102.44,62170
08/28/2014,1543,102.45,102.45,102.43,102.45,138903
08/28/2014,1544,102.45,102.46,102.42,102.45,86982
08/28/2014,1545,102.45,102.48,102.43,102.47,130872
08/28/2014,1546,102.48,102.52,102.46,102.49,250366
08/28/2014,1547,102.48,102.49,102.46,102.47,176936
08/28/2014,1548,102.47,102.48,102.42,102.42,98391
08/28/2014,1549,102.43,102.48,102.42,102.47,97182
08/28/2014,1550,102.46,102.47,102.26,102.29,406267
08/28/2014,1551,102.29,102.33,102.27,102.29,136637
08/28/2014,1552,102.29,102.3,102.2,102.2,207341
08/28/2014,1553,102.21,102.29,102.2,102.26,187609
08/28/2014,1554,102.25,102.25,102.19,102.2,146644
08/28/2014,1555,102.2,102.28,102.19,102.21,236948
08/28/2014,1556,102.21,102.25,102.19,102.2,194158
08/28/2014,1557,102.2,102.22,102.18,102.22,188914
08/28/2014,1558,102.22,102.28,102.21,102.27,222596
08/28/2014,1559,102.27,102.32,102.24,102.25,646830
08/29/2014,0930,102.86,102.88,102.68,102.72,1148054
08/29/2014,0931,102.72,102.9,102.72,102.88,250905
08/29/2014,0932,102.88,102.9,102.84,102.88,205223
08/29/2014,0933,102.88,102.89,102.66,102.67,265845
08/29/2014,0934,102.67,102.78,102.67,102.74,196562
08/29/2014,0935,102.74,102.76,102.7,102.76,124446
08/29/2014,0936,102.74,102.77,102.61,102.63,216995
08/29/2014,0937,102.62,102.76,102.62,102.74,158827
08/29/2014,0938,102.74,102.75,102.68,102.72,139106
08/29/2014,0939,102.73,102.76,102.7,102.73,134732
08/29/2014,0940,102.75,102.75,102.66,102.7,179832
08/29/2014,0941,102.7,102.7,102.56,102.63,243359
08/29/2014,0942,102.63,102.7,102.59,102.6,220136
08/29/2014,0943,102.6,102.66,102.59,102.65,153612
08/29/2014,0944,102.65,102.68,102.62,102.64,108596
08/29/2014,0945,102.64,102.65,102.61,102.64,88754
08/29/2014,0946,102.65,102.65,102.41,102.47,468186
08/29/2014,0947,102.46,102.49,102.42,102.49,241341
08/29/2014,0948,102.49,102.54,102.48,102.53,145658
08/29/2014,0949,102.52,102.55,102.43,102.44,154325
08/29/2014,0950,102.44,102.44,102.4,102.4,198739
08/29/2014,0951,102.4,102.4,102.35,102.35,156431
08/29/2014,0952,102.35,102.42,102.35,102.39,218180
08/29/2014,0953,102.4,102.44,102.39,102.44,206783
08/29/2014,0954,102.44,102.47,102.42,102.43,89498
08/29/2014,0955,102.44,102.46,102.39,102.4,163176
08/29/2014,0956,102.4,102.45,102.39,102.45,112225
08/29/2014,0957,102.45,102.59,102.43,102.57,162786
08/29/2014,0958,102.58,102.59,102.54,102.55,153250
08/29/2014,0959,102.56,102.57,102.51,102.52,118474
08/29/2014,1000,102.52,102.53,102.45,102.49,86079
08/29/2014,1001,102.49,102.53,102.45,102.51,105867
08/29/2014,1002,102.51,102.53,102.5,102.53,104578
08/29/2014,1003,102.52,102.59,102.51,102.59,114392
08/29/2014,1004,102.59,102.59,102.51,102.51,105384
08/29/2014,1005,102.51,102.52,102.48,102.48,76106
08/29/2014,1006,102.49,102.49,102.48,102.49,47563
08/29/2014,1007,102.48,102.51,102.48,102.49,81432
08/29/2014,1008,102.5,102.51,102.48,102.48,122172
08/29/2014,1009,102.49,102.49,102.43,102.43,149535
08/29/2014,1010,102.44,102.44,102.36,102.38,230716
08/29/2014,1011,102.38,102.4,102.36,102.38,84185
08/29/2014,1012,102.38,102.38,102.31,102.34,136995
08/29/2014,1013,102.33,102.34,102.31,102.31,100922
08/29/2014,1014,102.31,102.35,102.31,102.32,144775
08/29/2014,1015,102.33,102.33,102.27,102.29,144229
08/29/2014,1016,102.29,102.34,102.29,102.33,110162
08/29/2014,1017,102.32,102.33,102.3,102.32,137289
08/29/2014,1018,102.31,102.32,102.26,102.26,184857
08/29/2014,1019,102.27,102.3,102.25,102.26,122838
08/29/2014,1020,102.26,102.27,102.2,102.25,268002
08/29/2014,1021,102.26,102.39,102.25,102.39,139141
08/29/2014,1022,102.39,102.42,102.35,102.4,94914
08/29/2014,1023,102.4,102.4,102.33,102.38,99584
08/29/2014,1024,102.38,102.42,102.37,102.38,106683
08/29/2014,1025,102.38,102.4,102.38,102.38,88314
08/29/2014,1026,102.38,102.39,102.34,102.36,157562
08/29/2014,1027,102.35,102.38,102.35,102.37,77818
08/29/2014,1028,102.37,102.41,102.35,102.37,100067
08/29/2014,1029,102.37,102.44,102.37,102.41,92582
08/29/2014,1030,102.41,102.41,102.37,102.4,58734
08/29/2014,1031,102.4,102.4,102.38,102.39,55041
08/29/2014,1032,102.39,102.4,102.33,102.37,93477
08/29/2014,1033,102.38,102.42,102.37,102.4,71598
08/29/2014,1034,102.4,102.4,102.35,102.39,81565
08/29/2014,1035,102.39,102.4,102.36,102.38,40544
08/29/2014,1036,102.38,102.41,102.37,102.4,50793
08/29/2014,1037,102.39,102.41,102.39,102.4,36220
08/29/2014,1038,102.4,102.49,102.39,102.49,214174
08/29/2014,1039,102.47,102.51,102.47,102.5,114014
08/29/2014,1040,102.5,102.51,102.47,102.49,82615
08/29/2014,1041,102.48,102.5,102.45,102.46,64902
08/29/2014,1042,102.47,102.5,102.47,102.48,16435
08/29/2014,1043,102.49,102.51,102.48,102.49,87619
08/29/2014,1044,102.49,102.5,102.47,102.5,73194
08/29/2014,1045,102.49,102.5,102.48,102.48,49906
08/29/2014,1046,102.49,102.49,102.47,102.48,48075
08/29/2014,1047,102.49,102.49,102.44,102.44,59977
08/29/2014,1048,102.45,102.45,102.42,102.43,81454
08/29/2014,1049,102.44,102.45,102.42,102.43,53698
08/29/2014,1050,102.43,102.47,102.42,102.46,130050
08/29/2014,1051,102.46,102.48,102.45,102.48,62609
08/29/2014,1052,102.47,102.48,102.44,102.45,112047
08/29/2014,1053,102.45,102.47,102.45,102.46,167961
08/29/2014,1054,102.45,102.46,102.42,102.46,56276
08/29/2014,1055,102.46,102.46,102.44,102.45,52879
08/29/2014,1056,102.44,102.46,102.43,102.45,68547
08/29/2014,1057,102.46,102.46,102.43,102.44,52188
08/29/2014,1058,102.44,102.46,102.44,102.45,44405
08/29/2014,1059,102.45,102.48,102.44,102.47,109629
08/29/2014,1100,102.48,102.54,102.47,102.54,174191
08/29/2014,1101,102.53,102.55,102.53,102.55,78260
08/29/2014,1102,102.55,102.56,102.53,102.54,114602
08/29/2014,1103,102.54,102.59,102.54,102.59,155615
08/29/2014,1104,102.59,102.66,102.58,102.64,270411
08/29/2014,1105,102.65,102.66,102.6,102.62,115611
08/29/2014,1106,102.63,102.67,102.63,102.67,150544
08/29/2014,1107,102.67,102.67,102.64,102.64,145138
08/29/2014,1108,102.65,102.65,102.6,102.61,103772
08/29/2014,1109,102.62,102.62,102.6,102.61,37997
08/29/2014,1110,102.61,102.62,102.59,102.59,110982
08/29/2014,1111,102.59,102.6,102.57,102.58,56852
08/29/2014,1112,102.58,102.58,102.53,102.55,129133
08/29/2014,1113,102.56,102.58,102.55,102.56,63889
08/29/2014,1114,102.56,102.58,102.53,102.55,133428
08/29/2014,1115,102.55,102.56,102.53,102.54,56719
08/29/2014,1116,102.53,102.54,102.52,102.53,79466
08/29/2014,1117,102.54,102.54,102.53,102.53,21328
08/29/2014,1118,102.54,102.55,102.53,102.54,40940
08/29/2014,1119,102.53,102.56,102.53,102.55,55009
08/29/2014,1120,102.55,102.56,102.54,102.56,48082
08/29/2014,1121,102.56,102.57,102.55,102.56,71893
08/29/2014,1122,102.56,102.57,102.55,102.56,77894
08/29/2014,1123,102.56,102.57,102.55,102.56,56301
08/29/2014,1124,102.56,102.56,102.55,102.56,39551
08/29/2014,1125,102.56,102.57,102.56,102.57,50983
08/29/2014,1126,102.57,102.57,102.55,102.55,72060
08/29/2014,1127,102.55,102.56,102.55,102.56,58164
08/29/2014,1128,102.56,102.57,102.54,102.56,120263
08/29/2014,1129,102.56,102.59,102.54,102.57,78002
08/29/2014,1130,102.57,102.58,102.56,102.58,27409
08/29/2014,1131,102.57,102.6,102.57,102.6,60863
08/29/2014,1132,102.6,102.62,102.59,102.61,95219
08/29/2014,1133,102.61,102.63,102.6,102.6,139451
08/29/2014,1134,102.61,102.62,102.59,102.6,88590
08/29/2014,1135,102.59,102.62,102.59,102.61,91979
08/29/2014,1136,102.62,102.63,102.59,102.6,80963
08/29/2014,1137,102.6,102.6,102.55,102.6,105371
08/29/2014,1138,102.6,102.6,102.59,102.6,49011
08/29/2014,1139,102.6,102.61,102.59,102.61,45656
08/29/2014,1140,102.6,102.61,102.6,102.61,15057
08/29/2014,1141,102.6,102.61,102.6,102.61,78649
08/29/2014,1142,102.61,102.61,102.6,102.6,45123
08/29/2014,1143,102.6,102.61,102.6,102.6,55953
08/29/2014,1144,102.61,102.61,102.58,102.6,76926
08/29/2014,1145,102.59,102.6,102.55,102.56,86834
08/29/2014,1146,102.56,102.56,102.53,102.54,66971
08/29/2014,1147,102.54,102.55,102.53,102.53,37881
08/29/2014,1148,102.54,102.54,102.51,102.52,77219
08/29/2014,1149,102.52,102.52,102.48,102.5,97923
08/29/2014,1150,102.5,102.52,102.46,102.46,79087
08/29/2014,1151,102.47,102.5,102.47,102.5,47445
08/29/2014,1152,102.5,102.5,102.48,102.48,52049
08/29/2014,1153,102.49,102.49,102.47,102.48,40099
08/29/2014,1154,102.48,102.48,102.47,102.48,24440
08/29/2014,1155,102.47,102.48,102.45,102.46,66335
08/29/2014,1156,102.46,102.48,102.45,102.46,64143
08/29/2014,1157,102.46,102.47,102.44,102.44,78519
08/29/2014,1158,102.44,102.51,102.44,102.51,144094
08/29/2014,1159,102.51,102.51,102.47,102.48,63477
08/29/2014,1200,102.48,102.53,102.48,102.5,84279
08/29/2014,1201,102.5,102.5,102.47,102.49,38380
08/29/2014,1202,102.49,102.49,102.43,102.46,84026
08/29/2014,1203,102.45,102.47,102.42,102.43,85292
08/29/2014,1204,102.42,102.45,102.41,102.44,97691
08/29/2014,1205,102.43,102.43,102.4,102.41,58853
08/29/2014,1206,102.41,102.41,102.37,102.37,110430
08/29/2014,1207,102.37,102.41,102.36,102.38,80654
08/29/2014,1208,102.39,102.39,102.33,102.34,81551
08/29/2014,1209,102.34,102.35,102.32,102.33,53390
08/29/2014,1210,102.33,102.33,102.3,102.3,108220
08/29/2014,1211,102.3,102.33,102.3,102.32,98608
08/29/2014,1212,102.33,102.33,102.3,102.31,69498
08/29/2014,1213,102.31,102.34,102.3,102.31,85027
08/29/2014,1214,102.31,102.36,102.3,102.36,57250
08/29/2014,1215,102.35,102.36,102.35,102.36,24858
08/29/2014,1216,102.36,102.37,102.35,102.35,58589
08/29/2014,1217,102.36,102.36,102.32,102.33,65990
08/29/2014,1218,102.34,102.35,102.32,102.35,47191
08/29/2014,1219,102.35,102.37,102.34,102.36,32103
08/29/2014,1220,102.35,102.35,102.31,102.31,87757
08/29/2014,1221,102.31,102.32,102.31,102.32,30889
08/29/2014,1222,102.31,102.33,102.3,102.33,123079
08/29/2014,1223,102.33,102.34,102.32,102.32,50084
08/29/2014,1224,102.32,102.34,102.32,102.34,35908
08/29/2014,1225,102.35,102.35,102.34,102.34,30656
08/29/2014,1226,102.34,102.37,102.33,102.35,84218
08/29/2014,1227,102.35,102.36,102.34,102.34,44017
08/29/2014,1228,102.35,102.35,102.34,102.35,28976
08/29/2014,1229,102.35,102.4,102.34,102.4,81221
08/29/2014,1230,102.39,102.41,102.38,102.41,50512
08/29/2014,1231,102.41,102.42,102.38,102.41,62097
08/29/2014,1232,102.42,102.42,102.41,102.42,36175
08/29/2014,1233,102.42,102.42,102.41,102.42,52150
08/29/2014,1234,102.42,102.44,102.41,102.43,44356
08/29/2014,1235,102.44,102.48,102.42,102.47,105671
08/29/2014,1236,102.47,102.5,102.47,102.5,62730
08/29/2014,1237,102.5,102.5,102.48,102.49,120679
08/29/2014,1238,102.49,102.5,102.45,102.45,60190
08/29/2014,1239,102.46,102.46,102.44,102.45,31346
08/29/2014,1240,102.44,102.45,102.43,102.45,22913
08/29/2014,1241,102.45,102.45,102.42,102.43,41716
08/29/2014,1242,102.42,102.43,102.4,102.41,41085
08/29/2014,1243,102.41,102.42,102.4,102.41,25354
08/29/2014,1244,102.4,102.41,102.4,102.41,50989
08/29/2014,1245,102.41,102.42,102.41,102.42,15625
08/29/2014,1246,102.42,102.46,102.42,102.46,52749
08/29/2014,1247,102.46,102.46,102.44,102.45,31109
08/29/2014,1248,102.45,102.47,102.43,102.44,47589
08/29/2014,1249,102.44,102.44,102.43,102.43,14062
08/29/2014,1250,102.44,102.44,102.42,102.43,24435
08/29/2014,1251,102.42,102.43,102.42,102.43,28492
08/29/2014,1252,102.43,102.43,102.42,102.43,26959
08/29/2014,1253,102.42,102.43,102.42,102.42,21953
08/29/2014,1254,102.43,102.44,102.42,102.44,43009
08/29/2014,1255,102.44,102.44,102.42,102.44,27595
08/29/2014,1256,102.44,102.45,102.43,102.44,40178
08/29/2014,1257,102.44,102.45,102.41,102.43,48838
08/29/2014,1258,102.43,102.45,102.42,102.44,29920
08/29/2014,1259,102.45,102.45,102.44,102.45,22445
08/29/2014,1300,102.45,102.45,102.44,102.45,30839
08/29/2014,1301,102.45,102.48,102.44,102.48,68264
08/29/2014,1302,102.48,102.49,102.45,102.45,37348
08/29/2014,1303,102.45,102.47,102.44,102.47,34574
08/29/2014,1304,102.47,102.49,102.47,102.48,24037
08/29/2014,1305,102.49,102.5,102.49,102.49,25780
08/29/2014,1306,102.5,102.5,102.48,102.5,48638
08/29/2014,1307,102.49,102.5,102.48,102.49,19423
08/29/2014,1308,102.48,102.51,102.48,102.5,36830
08/29/2014,1309,102.51,102.51,102.5,102.5,31180
08/29/2014,1310,102.51,102.52,102.49,102.51,52159
08/29/2014,1311,102.52,102.52,102.5,102.52,24576
08/29/2014,1312,102.51,102.52,102.5,102.5,26933
08/29/2014,1313,102.51,102.52,102.49,102.5,72098
08/29/2014,1314,102.5,102.5,102.49,102.49,18201
08/29/2014,1315,102.5,102.5,102.48,102.5,32358
08/29/2014,1316,102.5,102.5,102.48,102.49,30898
08/29/2014,1317,102.5,102.5,102.48,102.49,26539
08/29/2014,1318,102.49,102.49,102.46,102.46,46509
08/29/2014,1319,102.46,102.47,102.46,102.47,10866
08/29/2014,1320,102.46,102.47,102.46,102.46,31284
08/29/2014,1321,102.46,102.47,102.45,102.45,44530
08/29/2014,1322,102.45,102.46,102.45,102.45,23072
08/29/2014,1323,102.45,102.46,102.41,102.41,42606
08/29/2014,1324,102.41,102.42,102.35,102.35,65417
08/29/2014,1325,102.36,102.36,102.34,102.35,41883
08/29/2014,1326,102.35,102.41,102.35,102.4,52209
08/29/2014,1327,102.4,102.41,102.39,102.41,56683
08/29/2014,1328,102.41,102.41,102.38,102.4,54405
08/29/2014,1329,102.41,102.41,102.39,102.41,45620
08/29/2014,1330,102.4,102.43,102.38,102.39,39568
08/29/2014,1331,102.38,102.39,102.38,102.39,46468
08/29/2014,1332,102.38,102.39,102.36,102.38,33465
08/29/2014,1333,102.38,102.41,102.37,102.39,21577
08/29/2014,1334,102.39,102.39,102.36,102.38,39710
08/29/2014,1335,102.37,102.38,102.36,102.38,39257
08/29/2014,1336,102.37,102.39,102.36,102.39,30229
08/29/2014,1337,102.38,102.42,102.38,102.4,22472
08/29/2014,1338,102.4,102.42,102.4,102.41,15370
08/29/2014,1339,102.42,102.44,102.41,102.43,33318
08/29/2014,1340,102.43,102.44,102.42,102.43,25427
08/29/2014,1341,102.43,102.44,102.41,102.44,60735
08/29/2014,1342,102.44,102.45,102.42,102.43,44879
08/29/2014,1343,102.44,102.44,102.4,102.4,76744
08/29/2014,1344,102.41,102.42,102.4,102.42,13120
08/29/2014,1345,102.42,102.42,102.4,102.4,77642
08/29/2014,1346,102.41,102.42,102.4,102.41,51802
08/29/2014,1347,102.4,102.42,102.38,102.41,95970
08/29/2014,1348,102.41,102.42,102.41,102.42,47242
08/29/2014,1349,102.42,102.44,102.41,102.42,21633
08/29/2014,1350,102.43,102.43,102.41,102.42,17356
08/29/2014,1351,102.42,102.42,102.4,102.41,47649
08/29/2014,1352,102.41,102.43,102.4,102.41,54258
08/29/2014,1353,102.41,102.44,102.4,102.44,65203
08/29/2014,1354,102.44,102.44,102.43,102.43,34145
08/29/2014,1355,102.44,102.44,102.41,102.43,46958
08/29/2014,1356,102.43,102.44,102.42,102.44,51957
08/29/2014,1357,102.43,102.44,102.43,102.43,26193
08/29/2014,1358,102.44,102.44,102.41,102.42,57493
08/29/2014,1359,102.43,102.43,102.42,102.43,12069
08/29/2014,1400,102.43,102.44,102.42,102.44,37358
08/29/2014,1401,102.44,102.44,102.42,102.42,33066
08/29/2014,1402,102.42,102.43,102.42,102.43,24653
08/29/2014,1403,102.43,102.44,102.42,102.44,18491
08/29/2014,1404,102.44,102.44,102.42,102.43,42345
08/29/2014,1405,102.43,102.43,102.42,102.42,24425
08/29/2014,1406,102.43,102.45,102.42,102.44,31711
08/29/2014,1407,102.44,102.47,102.44,102.46,89769
08/29/2014,1408,102.47,102.47,102.46,102.47,34752
08/29/2014,1409,102.46,102.47,102.46,102.47,34862
08/29/2014,1410,102.47,102.5,102.46,102.49,51834
08/29/2014,1411,102.5,102.56,102.5,102.55,197950
08/29/2014,1412,102.55,102.56,102.52,102.53,72727
08/29/2014,1413,102.52,102.57,102.52,102.56,66391
08/29/2014,1414,102.56,102.57,102.54,102.56,66993
08/29/2014,1415,102.56,102.59,102.55,102.58,110573
08/29/2014,1416,102.59,102.6,102.57,102.59,109085
08/29/2014,1417,102.6,102.61,102.57,102.59,122000
08/29/2014,1418,102.6,102.61,102.59,102.6,90350
08/29/2014,1419,102.6,102.61,102.59,102.61,57012
08/29/2014,1420,102.6,102.61,102.58,102.59,82386
08/29/2014,1421,102.59,102.6,102.55,102.56,57590
08/29/2014,1422,102.56,102.57,102.53,102.55,53131
08/29/2014,1423,102.56,102.56,102.53,102.55,63591
08/29/2014,1424,102.56,102.58,102.54,102.57,65307
08/29/2014,1425,102.56,102.57,102.54,102.56,74360
08/29/2014,1426,102.56,102.57,102.55,102.57,26068
08/29/2014,1427,102.56,102.57,102.53,102.55,70362
08/29/2014,1428,102.55,102.56,102.53,102.54,34064
08/29/2014,1429,102.54,102.56,102.52,102.56,61356
08/29/2014,1430,102.56,102.56,102.54,102.56,27839
08/29/2014,1431,102.55,102.58,102.54,102.58,61137
08/29/2014,1432,102.58,102.58,102.57,102.57,35006
08/29/2014,1433,102.58,102.59,102.57,102.59,43354
08/29/2014,1434,102.59,102.59,102.58,102.58,22652
08/29/2014,1435,102.59,102.59,102.58,102.59,26054
08/29/2014,1436,102.58,102.59,102.58,102.58,34259
08/29/2014,1437,102.58,102.59,102.58,102.58,50205
08/29/2014,1438,102.59,102.59,102.57,102.57,21223
08/29/2014,1439,102.57,102.57,102.55,102.55,63167
08/29/2014,1440,102.55,102.59,102.55,102.57,76564
08/29/2014,1441,102.58,102.58,102.57,102.58,13610
08/29/2014,1442,102.58,102.58,102.55,102.56,53102
08/29/2014,1443,102.56,102.56,102.53,102.55,72229
08/29/2014,1444,102.55,102.57,102.54,102.57,47813
08/29/2014,1445,102.56,102.58,102.54,102.57,79078
08/29/2014,1446,102.57,102.58,102.57,102.58,21347
08/29/2014,1447,102.58,102.59,102.57,102.57,57779
08/29/2014,1448,102.58,102.58,102.56,102.58,23465
08/29/2014,1449,102.58,102.59,102.57,102.58,45018
08/29/2014,1450,102.58,102.58,102.55,102.57,85898
08/29/2014,1451,102.57,102.58,102.56,102.58,48354
08/29/2014,1452,102.58,102.58,102.57,102.57,17419
08/29/2014,1453,102.57,102.58,102.56,102.58,26072
08/29/2014,1454,102.58,102.59,102.58,102.59,53122
08/29/2014,1455,102.59,102.6,102.58,102.6,74327
08/29/2014,1456,102.6,102.61,102.59,102.61,71499
08/29/2014,1457,102.61,102.61,102.59,102.6,67538
08/29/2014,1458,102.6,102.6,102.59,102.6,39966
08/29/2014,1459,102.6,102.6,102.59,102.59,16332
08/29/2014,1500,102.59,102.6,102.59,102.6,35757
08/29/2014,1501,102.59,102.6,102.59,102.59,44668
08/29/2014,1502,102.6,102.6,102.59,102.6,29138
08/29/2014,1503,102.59,102.6,102.59,102.6,20678
08/29/2014,1504,102.6,102.6,102.59,102.59,23698
08/29/2014,1505,102.59,102.6,102.59,102.59,67138
08/29/2014,1506,102.59,102.6,102.59,102.6,79886
08/29/2014,1507,102.59,102.6,102.56,102.57,84891
08/29/2014,1508,102.57,102.58,102.56,102.57,34000
08/29/2014,1509,102.58,102.58,102.52,102.52,51350
08/29/2014,1510,102.53,102.53,102.49,102.5,164505
08/29/2014,1511,102.5,102.5,102.48,102.5,104954
08/29/2014,1512,102.5,102.54,102.49,102.53,119323
08/29/2014,1513,102.52,102.55,102.52,102.55,42921
08/29/2014,1514,102.55,102.55,102.53,102.54,35038
08/29/2014,1515,102.53,102.54,102.53,102.54,42736
08/29/2014,1516,102.54,102.55,102.54,102.55,29374
08/29/2014,1517,102.54,102.56,102.54,102.55,43865
08/29/2014,1518,102.56,102.56,102.55,102.56,56981
08/29/2014,1519,102.56,102.58,102.55,102.58,72865
08/29/2014,1520,102.57,102.58,102.56,102.57,58327
08/29/2014,1521,102.58,102.58,102.56,102.57,52683
08/29/2014,1522,102.57,102.57,102.55,102.55,75306
08/29/2014,1523,102.55,102.56,102.55,102.56,30035
08/29/2014,1524,102.55,102.56,102.54,102.55,64174
08/29/2014,1525,102.54,102.55,102.54,102.55,42115
08/29/2014,1526,102.55,102.55,102.53,102.54,53748
08/29/2014,1527,102.54,102.55,102.53,102.54,84665
08/29/2014,1528,102.54,102.54,102.53,102.54,58204
08/29/2014,1529,102.53,102.54,102.49,102.5,105212
08/29/2014,1530,102.5,102.5,102.48,102.49,88843
08/29/2014,1531,102.49,102.5,102.47,102.47,116821
08/29/2014,1532,102.47,102.49,102.47,102.48,78932
08/29/2014,1533,102.49,102.49,102.48,102.49,32571
08/29/2014,1534,102.49,102.52,102.48,102.52,96265
08/29/2014,1535,102.51,102.54,102.51,102.53,153844
08/29/2014,1536,102.53,102.54,102.52,102.54,94137
08/29/2014,1537,102.54,102.56,102.53,102.56,82176
08/29/2014,1538,102.56,102.56,102.55,102.56,27813
08/29/2014,1539,102.56,102.56,102.55,102.56,55208
08/29/2014,1540,102.55,102.56,102.54,102.55,79564
08/29/2014,1541,102.55,102.56,102.53,102.56,93309
08/29/2014,1542,102.56,102.56,102.53,102.53,103970
08/29/2014,1543,102.53,102.54,102.51,102.51,70994
08/29/2014,1544,102.52,102.52,102.5,102.51,81785
08/29/2014,1545,102.51,102.52,102.48,102.5,166687
08/29/2014,1546,102.5,102.51,102.47,102.47,136369
08/29/2014,1547,102.47,102.49,102.44,102.45,115202
08/29/2014,1548,102.44,102.45,102.42,102.42,91416
08/29/2014,1549,102.42,102.43,102.4,102.42,170826
08/29/2014,1550,102.42,102.45,102.4,102.44,201148
08/29/2014,1551,102.44,102.44,102.4,102.41,155549
08/29/2014,1552,102.4,102.42,102.36,102.36,323403
08/29/2014,1553,102.37,102.37,102.34,102.37,173170
08/29/2014,1554,102.37,102.43,102.36,102.43,218957
08/29/2014,1555,102.43,102.52,102.42,102.52,235309
08/29/2014,1556,102.52,102.54,102.51,102.53,231930
08/29/2014,1557,102.54,102.57,102.53,102.57,314225
08/29/2014,1558,102.57,102.57,102.51,102.51,389678
08/29/2014,1559,102.52,102.57,102.48,102.5,965663
